"┌────────────────────────────────────────────────────────────────────────────────────────────────────────────────────────────────────────────────┐
│  Modelo: ResNet18 (PreActResNet, k=45)  |  dataset: CIFAR10 | data_augmentation: yes | noise: 0.2 | batch_size: 128 | learning_rate: default | epochs: 2000  │
└────────────────────────────────────────────────────────────────────────────────────────────────────────────────────────────────────────────────┘"

units,epochs,train_loss,train_accuracy,train_error
45,1.0,1.8067,0.374,0.626
45,2.0,1.5574,0.4984,0.5016
45,3.0,1.4373,0.5589,0.44110000000000005
45,4.0,1.3564,0.5933,0.40669999999999995
45,5.0,1.2881,0.6236,0.37639999999999996
45,6.0,1.2341,0.6474,0.3526
45,7.0,1.194,0.6642,0.3358
45,8.0,1.1631,0.6762,0.3238
45,9.0,1.1323,0.6893,0.3107
45,10.0,1.1047,0.6991,0.30089999999999995
45,11.0,1.0823,0.7098,0.2902
45,12.0,1.059,0.7181,0.28190000000000004
45,13.0,1.0417,0.7244,0.27559999999999996
45,14.0,1.0227,0.7316,0.26839999999999997
45,15.0,1.0038,0.7368,0.2632
45,16.0,0.9908,0.7429,0.2571
45,17.0,0.9737,0.748,0.252
45,18.0,0.9577,0.7544,0.24560000000000004
45,19.0,0.9482,0.7553,0.24470000000000003
45,20.0,0.9324,0.7615,0.23850000000000005
45,21.0,0.9179,0.7659,0.23409999999999997
45,22.0,0.9009,0.7698,0.23019999999999996
45,23.0,0.89,0.7742,0.2258
45,24.0,0.8777,0.7763,0.2237
45,25.0,0.8611,0.7806,0.21940000000000004
45,26.0,0.8501,0.7835,0.21650000000000003
45,27.0,0.8345,0.7865,0.21350000000000002
45,28.0,0.8272,0.7883,0.2117
45,29.0,0.8123,0.7944,0.2056
45,30.0,0.8002,0.795,0.20499999999999996
45,31.0,0.782,0.801,0.19899999999999995
45,32.0,0.7681,0.803,0.19699999999999995
45,33.0,0.7564,0.8039,0.19610000000000005
45,34.0,0.7475,0.807,0.19299999999999995
45,35.0,0.7257,0.8121,0.18789999999999996
45,36.0,0.7154,0.8133,0.18669999999999998
45,37.0,0.6965,0.8168,0.18320000000000003
45,38.0,0.6905,0.8171,0.18289999999999995
45,39.0,0.6769,0.8198,0.18020000000000003
45,40.0,0.6593,0.8236,0.1764
45,41.0,0.6502,0.8253,0.17469999999999997
45,42.0,0.6289,0.8305,0.16949999999999998
45,43.0,0.6131,0.8315,0.16849999999999998
45,44.0,0.6038,0.8334,0.16659999999999997
45,45.0,0.5858,0.8382,0.16180000000000005
45,46.0,0.5731,0.8392,0.16080000000000005
45,47.0,0.5615,0.8417,0.1583
45,48.0,0.5461,0.8468,0.1532
45,49.0,0.5378,0.8466,0.15339999999999998
45,50.0,0.5193,0.851,0.14900000000000002
45,51.0,0.5087,0.8533,0.14670000000000005
45,52.0,0.4906,0.857,0.14300000000000002
45,53.0,0.4791,0.8596,0.14039999999999997
45,54.0,0.4714,0.8611,0.13890000000000002
45,55.0,0.4565,0.8637,0.13629999999999998
45,56.0,0.4461,0.8666,0.13339999999999996
45,57.0,0.4309,0.8701,0.12990000000000002
45,58.0,0.4182,0.8728,0.12719999999999998
45,59.0,0.4096,0.8761,0.12390000000000001
45,60.0,0.3994,0.8769,0.12309999999999999
45,61.0,0.3848,0.8793,0.12070000000000003
45,62.0,0.3759,0.8837,0.11629999999999996
45,63.0,0.3661,0.8864,0.11360000000000003
45,64.0,0.3625,0.8876,0.11240000000000006
45,65.0,0.349,0.8895,0.11050000000000004
45,66.0,0.3438,0.8909,0.10909999999999997
45,67.0,0.3336,0.8938,0.10619999999999996
45,68.0,0.3225,0.8965,0.10350000000000004
45,69.0,0.3169,0.899,0.10099999999999998
45,70.0,0.3041,0.9019,0.09809999999999997
45,71.0,0.2903,0.9057,0.09430000000000005
45,72.0,0.2923,0.9041,0.09589999999999999
45,73.0,0.2814,0.9081,0.09189999999999998
45,74.0,0.2793,0.9097,0.09030000000000005
45,75.0,0.2681,0.9117,0.08830000000000005
45,76.0,0.2644,0.9128,0.08720000000000006
45,77.0,0.2488,0.9183,0.0817
45,78.0,0.2578,0.9157,0.08430000000000004
45,79.0,0.2392,0.9202,0.07979999999999998
45,80.0,0.2401,0.921,0.07899999999999996
45,81.0,0.2349,0.9227,0.07730000000000004
45,82.0,0.2338,0.922,0.07799999999999996
45,83.0,0.2238,0.9256,0.07440000000000002
45,84.0,0.2184,0.9262,0.07379999999999998
45,85.0,0.2176,0.9283,0.07169999999999999
45,86.0,0.2077,0.9301,0.06989999999999996
45,87.0,0.2048,0.9322,0.06779999999999997
45,88.0,0.2074,0.9321,0.06789999999999996
45,89.0,0.1946,0.9346,0.06540000000000001
45,90.0,0.1927,0.9355,0.0645
45,91.0,0.1898,0.9357,0.06430000000000002
45,92.0,0.1797,0.9398,0.06020000000000003
45,93.0,0.1874,0.9372,0.06279999999999997
45,94.0,0.1773,0.9392,0.060799999999999965
45,95.0,0.1757,0.9402,0.059799999999999964
45,96.0,0.1765,0.9402,0.059799999999999964
45,97.0,0.1699,0.942,0.05800000000000005
45,98.0,0.1656,0.9443,0.05569999999999997
45,99.0,0.1596,0.9457,0.054300000000000015
45,100.0,0.1696,0.9426,0.05740000000000001
45,101.0,0.1549,0.9469,0.053100000000000036
45,102.0,0.1558,0.9471,0.05289999999999995
45,103.0,0.1596,0.9463,0.05369999999999997
45,104.0,0.1543,0.9477,0.05230000000000001
45,105.0,0.1474,0.9506,0.0494
45,106.0,0.1492,0.9495,0.05049999999999999
45,107.0,0.1456,0.9517,0.04830000000000001
45,108.0,0.1433,0.9514,0.04859999999999998
45,109.0,0.1441,0.952,0.04800000000000004
45,110.0,0.1404,0.9524,0.047599999999999976
45,111.0,0.1393,0.9535,0.046499999999999986
45,112.0,0.1266,0.9569,0.04310000000000003
45,113.0,0.1345,0.9548,0.04520000000000002
45,114.0,0.1336,0.9543,0.04569999999999996
45,115.0,0.1345,0.956,0.04400000000000004
45,116.0,0.1288,0.9568,0.043200000000000016
45,117.0,0.1281,0.956,0.04400000000000004
45,118.0,0.1264,0.9572,0.04279999999999995
45,119.0,0.1255,0.9581,0.04190000000000005
45,120.0,0.1201,0.9594,0.04059999999999997
45,121.0,0.1278,0.9575,0.04249999999999998
45,122.0,0.1148,0.9607,0.0393
45,123.0,0.1237,0.958,0.04200000000000004
45,124.0,0.1203,0.9589,0.041100000000000025
45,125.0,0.1108,0.9624,0.03759999999999997
45,126.0,0.1144,0.9614,0.03859999999999997
45,127.0,0.1118,0.962,0.038000000000000034
45,128.0,0.1072,0.9634,0.036599999999999966
45,129.0,0.1157,0.9608,0.03920000000000001
45,130.0,0.1068,0.9644,0.035599999999999965
45,131.0,0.1072,0.9633,0.036699999999999955
45,132.0,0.1105,0.9631,0.036900000000000044
45,133.0,0.1092,0.9624,0.03759999999999997
45,134.0,0.1047,0.9653,0.03469999999999995
45,135.0,0.1018,0.9659,0.03410000000000002
45,136.0,0.1013,0.9661,0.03390000000000004
45,137.0,0.0981,0.9669,0.03310000000000002
45,138.0,0.1031,0.9652,0.03480000000000005
45,139.0,0.1001,0.9654,0.034599999999999964
45,140.0,0.0958,0.9675,0.03249999999999997
45,141.0,0.1049,0.9647,0.0353
45,142.0,0.096,0.9669,0.03310000000000002
45,143.0,0.0952,0.9681,0.03190000000000004
45,144.0,0.0996,0.9661,0.03390000000000004
45,145.0,0.0925,0.9686,0.031399999999999983
45,146.0,0.096,0.9671,0.03290000000000004
45,147.0,0.0868,0.9705,0.02949999999999997
45,148.0,0.0918,0.969,0.031000000000000028
45,149.0,0.0894,0.97,0.030000000000000027
45,150.0,0.0892,0.9696,0.030399999999999983
45,151.0,0.0948,0.9686,0.031399999999999983
45,152.0,0.0844,0.971,0.029000000000000026
45,153.0,0.0914,0.9694,0.03059999999999996
45,154.0,0.0865,0.9707,0.029299999999999993
45,155.0,0.085,0.971,0.029000000000000026
45,156.0,0.087,0.9701,0.029900000000000038
45,157.0,0.0833,0.9718,0.028200000000000003
45,158.0,0.0891,0.97,0.030000000000000027
45,159.0,0.0881,0.9697,0.030299999999999994
45,160.0,0.079,0.9733,0.026699999999999946
45,161.0,0.0781,0.9733,0.026699999999999946
45,162.0,0.08,0.9731,0.026900000000000035
45,163.0,0.0823,0.9722,0.027800000000000047
45,164.0,0.0817,0.9727,0.02729999999999999
45,165.0,0.0778,0.9734,0.026599999999999957
45,166.0,0.0793,0.9742,0.025800000000000045
45,167.0,0.085,0.9716,0.02839999999999998
45,168.0,0.0796,0.9731,0.026900000000000035
45,169.0,0.0747,0.974,0.026000000000000023
45,170.0,0.0797,0.9734,0.026599999999999957
45,171.0,0.0779,0.9731,0.026900000000000035
45,172.0,0.0751,0.9744,0.025599999999999956
45,173.0,0.0713,0.9764,0.023599999999999954
45,174.0,0.0739,0.9746,0.025399999999999978
45,175.0,0.0789,0.972,0.028000000000000025
45,176.0,0.0737,0.9748,0.0252
45,177.0,0.0784,0.9738,0.0262
45,178.0,0.0659,0.9775,0.022499999999999964
45,179.0,0.0707,0.9758,0.0242
45,180.0,0.0693,0.9766,0.023399999999999976
45,181.0,0.0699,0.9763,0.023700000000000054
45,182.0,0.0733,0.9753,0.024700000000000055
45,183.0,0.0747,0.975,0.025000000000000022
45,184.0,0.0667,0.977,0.02300000000000002
45,185.0,0.0718,0.975,0.025000000000000022
45,186.0,0.0736,0.9756,0.024399999999999977
45,187.0,0.0688,0.9767,0.023299999999999987
45,188.0,0.0664,0.9768,0.0232
45,189.0,0.0694,0.9762,0.023800000000000043
45,190.0,0.0655,0.9775,0.022499999999999964
45,191.0,0.065,0.9785,0.021499999999999964
45,192.0,0.071,0.9757,0.02429999999999999
45,193.0,0.0641,0.978,0.02200000000000002
45,194.0,0.062,0.9787,0.021299999999999986
45,195.0,0.0673,0.9776,0.022399999999999975
45,196.0,0.0648,0.9782,0.02180000000000004
45,197.0,0.0637,0.9784,0.021599999999999953
45,198.0,0.0643,0.9782,0.02180000000000004
45,199.0,0.0583,0.9805,0.019499999999999962
45,200.0,0.0672,0.9781,0.02190000000000003
45,201.0,0.0649,0.9783,0.021700000000000053
45,202.0,0.0611,0.9798,0.020199999999999996
45,203.0,0.0625,0.9793,0.02070000000000005
45,204.0,0.0645,0.9792,0.02080000000000004
45,205.0,0.054,0.9816,0.018399999999999972
45,206.0,0.0633,0.9782,0.02180000000000004
45,207.0,0.06,0.9798,0.020199999999999996
45,208.0,0.0638,0.9785,0.021499999999999964
45,209.0,0.0624,0.9784,0.021599999999999953
45,210.0,0.0634,0.9787,0.021299999999999986
45,211.0,0.0579,0.9802,0.01980000000000004
45,212.0,0.0509,0.9831,0.016900000000000026
45,213.0,0.0556,0.981,0.019000000000000017
45,214.0,0.0627,0.9783,0.021700000000000053
45,215.0,0.055,0.9813,0.01870000000000005
45,216.0,0.0597,0.9799,0.020100000000000007
45,217.0,0.0607,0.9796,0.020399999999999974
45,218.0,0.0531,0.982,0.018000000000000016
45,219.0,0.0561,0.9808,0.019199999999999995
45,220.0,0.0516,0.9823,0.01770000000000005
45,221.0,0.0555,0.9819,0.018100000000000005
45,222.0,0.0563,0.9813,0.01870000000000005
45,223.0,0.0559,0.9816,0.018399999999999972
45,224.0,0.0564,0.9809,0.019100000000000006
45,225.0,0.0545,0.9819,0.018100000000000005
45,226.0,0.0537,0.9825,0.01749999999999996
45,227.0,0.0522,0.9824,0.01759999999999995
45,228.0,0.0551,0.9813,0.01870000000000005
45,229.0,0.0571,0.9812,0.01880000000000004
45,230.0,0.0486,0.9838,0.016199999999999992
45,231.0,0.0505,0.9836,0.01639999999999997
45,232.0,0.0512,0.983,0.017000000000000015
45,233.0,0.0527,0.9823,0.01770000000000005
45,234.0,0.0526,0.9829,0.017100000000000004
45,235.0,0.0579,0.9809,0.019100000000000006
45,236.0,0.0472,0.9839,0.016100000000000003
45,237.0,0.0472,0.9839,0.016100000000000003
45,238.0,0.0524,0.9824,0.01759999999999995
45,239.0,0.0524,0.9817,0.018299999999999983
45,240.0,0.0538,0.9824,0.01759999999999995
45,241.0,0.0455,0.9844,0.015599999999999947
45,242.0,0.0501,0.9833,0.016700000000000048
45,243.0,0.0536,0.9817,0.018299999999999983
45,244.0,0.0507,0.9834,0.016599999999999948
45,245.0,0.0515,0.9826,0.01739999999999997
45,246.0,0.053,0.9827,0.017299999999999982
45,247.0,0.0435,0.9852,0.014800000000000035
45,248.0,0.0471,0.9842,0.015800000000000036
45,249.0,0.0488,0.9841,0.015900000000000025
45,250.0,0.0535,0.9831,0.016900000000000026
45,251.0,0.0476,0.9835,0.01649999999999996
45,252.0,0.0473,0.9836,0.01639999999999997
45,253.0,0.0451,0.9844,0.015599999999999947
45,254.0,0.0461,0.9841,0.015900000000000025
45,255.0,0.0484,0.9839,0.016100000000000003
45,256.0,0.0513,0.9829,0.017100000000000004
45,257.0,0.0416,0.9862,0.013800000000000034
45,258.0,0.0431,0.9857,0.01429999999999998
45,259.0,0.0477,0.9845,0.015499999999999958
45,260.0,0.0531,0.9823,0.01770000000000005
45,261.0,0.0433,0.9848,0.015199999999999991
45,262.0,0.0441,0.9853,0.014700000000000046
45,263.0,0.0468,0.9837,0.01629999999999998
45,264.0,0.0464,0.9843,0.015700000000000047
45,265.0,0.0423,0.9863,0.013700000000000045
45,266.0,0.0458,0.9854,0.014599999999999946
45,267.0,0.0456,0.9851,0.014900000000000024
45,268.0,0.0486,0.9839,0.016100000000000003
45,269.0,0.0404,0.9865,0.013499999999999956
45,270.0,0.0402,0.9861,0.013900000000000023
45,271.0,0.0481,0.9845,0.015499999999999958
45,272.0,0.0475,0.9843,0.015700000000000047
45,273.0,0.0421,0.9866,0.013399999999999967
45,274.0,0.0399,0.9867,0.013299999999999979
45,275.0,0.0391,0.9866,0.013399999999999967
45,276.0,0.0488,0.9838,0.016199999999999992
45,277.0,0.0454,0.9848,0.015199999999999991
45,278.0,0.0403,0.9864,0.013599999999999945
45,279.0,0.0447,0.9844,0.015599999999999947
45,280.0,0.0387,0.9864,0.013599999999999945
45,281.0,0.0429,0.9855,0.014499999999999957
45,282.0,0.0415,0.9862,0.013800000000000034
45,283.0,0.0412,0.9868,0.01319999999999999
45,284.0,0.0412,0.9859,0.014100000000000001
45,285.0,0.0426,0.9852,0.014800000000000035
45,286.0,0.0389,0.9872,0.012800000000000034
45,287.0,0.0426,0.9859,0.014100000000000001
45,288.0,0.0427,0.9857,0.01429999999999998
45,289.0,0.0404,0.9864,0.013599999999999945
45,290.0,0.0389,0.9867,0.013299999999999979
45,291.0,0.0397,0.9867,0.013299999999999979
45,292.0,0.0421,0.9854,0.014599999999999946
45,293.0,0.0398,0.9865,0.013499999999999956
45,294.0,0.038,0.9871,0.012900000000000023
45,295.0,0.0361,0.9878,0.012199999999999989
45,296.0,0.0412,0.9865,0.013499999999999956
45,297.0,0.043,0.9855,0.014499999999999957
45,298.0,0.0398,0.9861,0.013900000000000023
45,299.0,0.0413,0.9861,0.013900000000000023
45,300.0,0.0334,0.9886,0.011399999999999966
45,301.0,0.0408,0.9862,0.013800000000000034
45,302.0,0.0329,0.9888,0.011199999999999988
45,303.0,0.0416,0.9863,0.013700000000000045
45,304.0,0.0429,0.986,0.014000000000000012
45,305.0,0.0394,0.9868,0.01319999999999999
45,306.0,0.0433,0.9851,0.014900000000000024
45,307.0,0.0354,0.9886,0.011399999999999966
45,308.0,0.038,0.9871,0.012900000000000023
45,309.0,0.0405,0.9863,0.013700000000000045
45,310.0,0.0398,0.9866,0.013399999999999967
45,311.0,0.036,0.9881,0.011900000000000022
45,312.0,0.0336,0.9891,0.01090000000000002
45,313.0,0.0323,0.9892,0.010800000000000032
45,314.0,0.0449,0.9853,0.014700000000000046
45,315.0,0.04,0.9867,0.013299999999999979
45,316.0,0.0377,0.9872,0.012800000000000034
45,317.0,0.0348,0.9887,0.011299999999999977
45,318.0,0.0374,0.9882,0.011800000000000033
45,319.0,0.0378,0.9876,0.012399999999999967
45,320.0,0.0368,0.9875,0.012499999999999956
45,321.0,0.0317,0.989,0.01100000000000001
45,322.0,0.0366,0.9882,0.011800000000000033
45,323.0,0.0371,0.9875,0.012499999999999956
45,324.0,0.0368,0.9879,0.0121
45,325.0,0.0352,0.9878,0.012199999999999989
45,326.0,0.0337,0.9887,0.011299999999999977
45,327.0,0.0365,0.9879,0.0121
45,328.0,0.0337,0.9882,0.011800000000000033
45,329.0,0.0343,0.9888,0.011199999999999988
45,330.0,0.0336,0.9884,0.011600000000000055
45,331.0,0.0388,0.9872,0.012800000000000034
45,332.0,0.0368,0.9873,0.012700000000000045
45,333.0,0.0343,0.988,0.01200000000000001
45,334.0,0.0294,0.9897,0.010299999999999976
45,335.0,0.0329,0.9887,0.011299999999999977
45,336.0,0.0377,0.9879,0.0121
45,337.0,0.0371,0.9877,0.012299999999999978
45,338.0,0.0323,0.9886,0.011399999999999966
45,339.0,0.0344,0.9885,0.011499999999999955
45,340.0,0.0347,0.9886,0.011399999999999966
45,341.0,0.0339,0.9887,0.011299999999999977
45,342.0,0.0349,0.9884,0.011600000000000055
45,343.0,0.0288,0.9897,0.010299999999999976
45,344.0,0.0367,0.9881,0.011900000000000022
45,345.0,0.0392,0.9864,0.013599999999999945
45,346.0,0.0298,0.9908,0.009199999999999986
45,347.0,0.0293,0.9901,0.00990000000000002
45,348.0,0.032,0.9892,0.010800000000000032
45,349.0,0.0374,0.9871,0.012900000000000023
45,350.0,0.0328,0.9893,0.010700000000000043
45,351.0,0.0329,0.9887,0.011299999999999977
45,352.0,0.0347,0.9882,0.011800000000000033
45,353.0,0.0286,0.991,0.009000000000000008
45,354.0,0.0352,0.9885,0.011499999999999955
45,355.0,0.0324,0.9894,0.010600000000000054
45,356.0,0.0304,0.9896,0.010399999999999965
45,357.0,0.0275,0.9907,0.009299999999999975
45,358.0,0.0308,0.9894,0.010600000000000054
45,359.0,0.0326,0.9891,0.01090000000000002
45,360.0,0.0315,0.9894,0.010600000000000054
45,361.0,0.0363,0.9877,0.012299999999999978
45,362.0,0.0293,0.9907,0.009299999999999975
45,363.0,0.0297,0.9903,0.009700000000000042
45,364.0,0.0304,0.9894,0.010600000000000054
45,365.0,0.0314,0.9898,0.010199999999999987
45,366.0,0.03,0.9904,0.009600000000000053
45,367.0,0.0359,0.9875,0.012499999999999956
45,368.0,0.0338,0.9887,0.011299999999999977
45,369.0,0.032,0.989,0.01100000000000001
45,370.0,0.0263,0.9913,0.008700000000000041
45,371.0,0.0283,0.9907,0.009299999999999975
45,372.0,0.0355,0.9883,0.011700000000000044
45,373.0,0.0292,0.9902,0.009800000000000031
45,374.0,0.0279,0.9908,0.009199999999999986
45,375.0,0.0319,0.9892,0.010800000000000032
45,376.0,0.0324,0.9887,0.011299999999999977
45,377.0,0.0321,0.9893,0.010700000000000043
45,378.0,0.0291,0.9902,0.009800000000000031
45,379.0,0.0296,0.9901,0.00990000000000002
45,380.0,0.0303,0.9898,0.010199999999999987
45,381.0,0.0249,0.9918,0.008199999999999985
45,382.0,0.0303,0.9899,0.010099999999999998
45,383.0,0.0328,0.9892,0.010800000000000032
45,384.0,0.0323,0.9891,0.01090000000000002
45,385.0,0.0311,0.9898,0.010199999999999987
45,386.0,0.0302,0.9895,0.010499999999999954
45,387.0,0.0275,0.9903,0.009700000000000042
45,388.0,0.0279,0.9906,0.009399999999999964
45,389.0,0.0276,0.9908,0.009199999999999986
45,390.0,0.0299,0.9896,0.010399999999999965
45,391.0,0.0311,0.9899,0.010099999999999998
45,392.0,0.0267,0.991,0.009000000000000008
45,393.0,0.0315,0.9893,0.010700000000000043
45,394.0,0.0287,0.9905,0.009499999999999953
45,395.0,0.0291,0.9902,0.009800000000000031
45,396.0,0.0278,0.9906,0.009399999999999964
45,397.0,0.0275,0.991,0.009000000000000008
45,398.0,0.0274,0.991,0.009000000000000008
45,399.0,0.0259,0.9911,0.008900000000000019
45,400.0,0.0273,0.9912,0.00880000000000003
45,401.0,0.0313,0.9896,0.010399999999999965
45,402.0,0.0285,0.9904,0.009600000000000053
45,403.0,0.0264,0.9912,0.00880000000000003
45,404.0,0.0292,0.9905,0.009499999999999953
45,405.0,0.0281,0.9906,0.009399999999999964
45,406.0,0.0249,0.9916,0.008399999999999963
45,407.0,0.0333,0.9886,0.011399999999999966
45,408.0,0.0257,0.991,0.009000000000000008
45,409.0,0.0255,0.9913,0.008700000000000041
45,410.0,0.0269,0.9909,0.009099999999999997
45,411.0,0.0257,0.9911,0.008900000000000019
45,412.0,0.0269,0.9908,0.009199999999999986
45,413.0,0.029,0.9901,0.00990000000000002
45,414.0,0.0267,0.9911,0.008900000000000019
45,415.0,0.025,0.9921,0.007900000000000018
45,416.0,0.0305,0.9897,0.010299999999999976
45,417.0,0.0278,0.9903,0.009700000000000042
45,418.0,0.0252,0.9914,0.008600000000000052
45,419.0,0.0226,0.9922,0.007800000000000029
45,420.0,0.0289,0.9908,0.009199999999999986
45,421.0,0.027,0.9908,0.009199999999999986
45,422.0,0.0276,0.9909,0.009099999999999997
45,423.0,0.0251,0.9916,0.008399999999999963
45,424.0,0.0277,0.9909,0.009099999999999997
45,425.0,0.0274,0.9909,0.009099999999999997
45,426.0,0.0251,0.9916,0.008399999999999963
45,427.0,0.0223,0.992,0.008000000000000007
45,428.0,0.0258,0.9917,0.008299999999999974
45,429.0,0.0257,0.9916,0.008399999999999963
45,430.0,0.0295,0.9902,0.009800000000000031
45,431.0,0.0277,0.9911,0.008900000000000019
45,432.0,0.0269,0.9911,0.008900000000000019
45,433.0,0.0274,0.991,0.009000000000000008
45,434.0,0.0245,0.9917,0.008299999999999974
45,435.0,0.0252,0.9916,0.008399999999999963
45,436.0,0.0254,0.9913,0.008700000000000041
45,437.0,0.0256,0.9916,0.008399999999999963
45,438.0,0.0258,0.9913,0.008700000000000041
45,439.0,0.0225,0.9926,0.007399999999999962
45,440.0,0.029,0.9905,0.009499999999999953
45,441.0,0.0279,0.9909,0.009099999999999997
45,442.0,0.0231,0.9923,0.00770000000000004
45,443.0,0.0228,0.9924,0.007600000000000051
45,444.0,0.0266,0.9912,0.00880000000000003
45,445.0,0.0273,0.991,0.009000000000000008
45,446.0,0.0244,0.9913,0.008700000000000041
45,447.0,0.0274,0.9908,0.009199999999999986
45,448.0,0.0228,0.9925,0.007499999999999951
45,449.0,0.0237,0.9925,0.007499999999999951
45,450.0,0.0232,0.9924,0.007600000000000051
45,451.0,0.0237,0.9921,0.007900000000000018
45,452.0,0.027,0.991,0.009000000000000008
45,453.0,0.025,0.9917,0.008299999999999974
45,454.0,0.0263,0.9915,0.008499999999999952
45,455.0,0.0226,0.9924,0.007600000000000051
45,456.0,0.0223,0.9929,0.007099999999999995
45,457.0,0.0241,0.9921,0.007900000000000018
45,458.0,0.0233,0.9921,0.007900000000000018
45,459.0,0.0329,0.9893,0.010700000000000043
45,460.0,0.0207,0.9929,0.007099999999999995
45,461.0,0.0234,0.9918,0.008199999999999985
45,462.0,0.0238,0.992,0.008000000000000007
45,463.0,0.0241,0.9915,0.008499999999999952
45,464.0,0.0234,0.9926,0.007399999999999962
45,465.0,0.0228,0.9922,0.007800000000000029
45,466.0,0.0259,0.9915,0.008499999999999952
45,467.0,0.0233,0.9925,0.007499999999999951
45,468.0,0.0225,0.9925,0.007499999999999951
45,469.0,0.0275,0.9912,0.00880000000000003
45,470.0,0.0232,0.9926,0.007399999999999962
45,471.0,0.0242,0.9917,0.008299999999999974
45,472.0,0.0199,0.993,0.007000000000000006
45,473.0,0.0242,0.9916,0.008399999999999963
45,474.0,0.0231,0.992,0.008000000000000007
45,475.0,0.0208,0.9928,0.007199999999999984
45,476.0,0.0261,0.9917,0.008299999999999974
45,477.0,0.0241,0.9921,0.007900000000000018
45,478.0,0.0262,0.9916,0.008399999999999963
45,479.0,0.0234,0.9924,0.007600000000000051
45,480.0,0.019,0.9938,0.006199999999999983
45,481.0,0.0254,0.9917,0.008299999999999974
45,482.0,0.0221,0.9927,0.007299999999999973
45,483.0,0.0244,0.9923,0.00770000000000004
45,484.0,0.0258,0.991,0.009000000000000008
45,485.0,0.0208,0.9929,0.007099999999999995
45,486.0,0.0219,0.9929,0.007099999999999995
45,487.0,0.0194,0.9936,0.006399999999999961
45,488.0,0.0214,0.9926,0.007399999999999962
45,489.0,0.0219,0.9926,0.007399999999999962
45,490.0,0.0193,0.9938,0.006199999999999983
45,491.0,0.0225,0.9925,0.007499999999999951
45,492.0,0.0267,0.9912,0.00880000000000003
45,493.0,0.0219,0.9929,0.007099999999999995
45,494.0,0.0227,0.9925,0.007499999999999951
45,495.0,0.0238,0.9923,0.00770000000000004
45,496.0,0.0187,0.9937,0.006299999999999972
45,497.0,0.0188,0.9937,0.006299999999999972
45,498.0,0.0252,0.9916,0.008399999999999963
45,499.0,0.0231,0.9927,0.007299999999999973
45,500.0,0.0206,0.9935,0.00649999999999995
45,501.0,0.0223,0.9925,0.007499999999999951
45,502.0,0.0225,0.9926,0.007399999999999962
45,503.0,0.0212,0.9933,0.006700000000000039
45,504.0,0.0214,0.993,0.007000000000000006
45,505.0,0.023,0.9927,0.007299999999999973
45,506.0,0.0231,0.9923,0.00770000000000004
45,507.0,0.0217,0.9928,0.007199999999999984
45,508.0,0.0199,0.9937,0.006299999999999972
45,509.0,0.0241,0.992,0.008000000000000007
45,510.0,0.0251,0.9923,0.00770000000000004
45,511.0,0.0216,0.9925,0.007499999999999951
45,512.0,0.0217,0.9927,0.007299999999999973
45,513.0,0.0196,0.9937,0.006299999999999972
45,514.0,0.018,0.9942,0.005800000000000027
45,515.0,0.0206,0.9933,0.006700000000000039
45,516.0,0.0213,0.9928,0.007199999999999984
45,517.0,0.0214,0.9932,0.006800000000000028
45,518.0,0.0206,0.993,0.007000000000000006
45,519.0,0.0202,0.9933,0.006700000000000039
45,520.0,0.0213,0.9932,0.006800000000000028
45,521.0,0.0212,0.9931,0.006900000000000017
45,522.0,0.021,0.9927,0.007299999999999973
45,523.0,0.0206,0.993,0.007000000000000006
45,524.0,0.0222,0.9929,0.007099999999999995
45,525.0,0.0197,0.9935,0.00649999999999995
45,526.0,0.0222,0.9927,0.007299999999999973
45,527.0,0.0247,0.9921,0.007900000000000018
45,528.0,0.017,0.9947,0.005299999999999971
45,529.0,0.0181,0.9938,0.006199999999999983
45,530.0,0.0196,0.9931,0.006900000000000017
45,531.0,0.0244,0.992,0.008000000000000007
45,532.0,0.0194,0.9934,0.00660000000000005
45,533.0,0.0225,0.9925,0.007499999999999951
45,534.0,0.0183,0.9938,0.006199999999999983
45,535.0,0.022,0.9928,0.007199999999999984
45,536.0,0.0225,0.9929,0.007099999999999995
45,537.0,0.0191,0.994,0.006000000000000005
45,538.0,0.0194,0.9936,0.006399999999999961
45,539.0,0.0204,0.9931,0.006900000000000017
45,540.0,0.0189,0.9935,0.00649999999999995
45,541.0,0.0243,0.9925,0.007499999999999951
45,542.0,0.0207,0.9934,0.00660000000000005
45,543.0,0.0202,0.9932,0.006800000000000028
45,544.0,0.0203,0.9931,0.006900000000000017
45,545.0,0.0203,0.9933,0.006700000000000039
45,546.0,0.0184,0.9938,0.006199999999999983
45,547.0,0.0189,0.9942,0.005800000000000027
45,548.0,0.0198,0.9932,0.006800000000000028
45,549.0,0.0204,0.9928,0.007199999999999984
45,550.0,0.0199,0.9934,0.00660000000000005
45,551.0,0.0197,0.9932,0.006800000000000028
45,552.0,0.0193,0.9936,0.006399999999999961
45,553.0,0.021,0.9933,0.006700000000000039
45,554.0,0.0186,0.9943,0.005700000000000038
45,555.0,0.0183,0.9939,0.006099999999999994
45,556.0,0.022,0.9926,0.007399999999999962
45,557.0,0.0208,0.993,0.007000000000000006
45,558.0,0.0169,0.9939,0.006099999999999994
45,559.0,0.0169,0.9945,0.005499999999999949
45,560.0,0.0167,0.994,0.006000000000000005
45,561.0,0.0215,0.9928,0.007199999999999984
45,562.0,0.0202,0.9933,0.006700000000000039
45,563.0,0.0218,0.9925,0.007499999999999951
45,564.0,0.02,0.9937,0.006299999999999972
45,565.0,0.0176,0.9941,0.005900000000000016
45,566.0,0.0193,0.9939,0.006099999999999994
45,567.0,0.0205,0.9935,0.00649999999999995
45,568.0,0.0172,0.9942,0.005800000000000027
45,569.0,0.0192,0.9938,0.006199999999999983
45,570.0,0.021,0.9933,0.006700000000000039
45,571.0,0.0206,0.9933,0.006700000000000039
45,572.0,0.0187,0.9938,0.006199999999999983
45,573.0,0.0206,0.9931,0.006900000000000017
45,574.0,0.0183,0.9936,0.006399999999999961
45,575.0,0.0179,0.9945,0.005499999999999949
45,576.0,0.0144,0.9951,0.0049000000000000155
45,577.0,0.0161,0.9946,0.00539999999999996
45,578.0,0.0221,0.9928,0.007199999999999984
45,579.0,0.0223,0.9922,0.007800000000000029
45,580.0,0.0205,0.9933,0.006700000000000039
45,581.0,0.0159,0.9947,0.005299999999999971
45,582.0,0.021,0.9934,0.00660000000000005
45,583.0,0.0172,0.9943,0.005700000000000038
45,584.0,0.0157,0.9951,0.0049000000000000155
45,585.0,0.0158,0.9947,0.005299999999999971
45,586.0,0.0166,0.9944,0.005600000000000049
45,587.0,0.0172,0.9942,0.005800000000000027
45,588.0,0.0205,0.9929,0.007099999999999995
45,589.0,0.0197,0.9932,0.006800000000000028
45,590.0,0.0202,0.9933,0.006700000000000039
45,591.0,0.0184,0.9938,0.006199999999999983
45,592.0,0.0156,0.9947,0.005299999999999971
45,593.0,0.0191,0.9937,0.006299999999999972
45,594.0,0.0186,0.9937,0.006299999999999972
45,595.0,0.0184,0.994,0.006000000000000005
45,596.0,0.0197,0.9936,0.006399999999999961
45,597.0,0.0187,0.9939,0.006099999999999994
45,598.0,0.015,0.9949,0.005099999999999993
45,599.0,0.0169,0.9942,0.005800000000000027
45,600.0,0.0177,0.9942,0.005800000000000027
45,601.0,0.0183,0.9939,0.006099999999999994
45,602.0,0.0206,0.9934,0.00660000000000005
45,603.0,0.0173,0.9943,0.005700000000000038
45,604.0,0.0171,0.9947,0.005299999999999971
45,605.0,0.0165,0.9946,0.00539999999999996
45,606.0,0.0199,0.9936,0.006399999999999961
45,607.0,0.0174,0.994,0.006000000000000005
45,608.0,0.0154,0.9952,0.0048000000000000265
45,609.0,0.0187,0.9936,0.006399999999999961
45,610.0,0.0135,0.9956,0.0043999999999999595
45,611.0,0.0203,0.9934,0.00660000000000005
45,612.0,0.0188,0.9941,0.005900000000000016
45,613.0,0.0196,0.9934,0.00660000000000005
45,614.0,0.0154,0.9953,0.0047000000000000375
45,615.0,0.0153,0.9947,0.005299999999999971
45,616.0,0.0168,0.9947,0.005299999999999971
45,617.0,0.0175,0.994,0.006000000000000005
45,618.0,0.0176,0.9943,0.005700000000000038
45,619.0,0.0174,0.9942,0.005800000000000027
45,620.0,0.0171,0.9947,0.005299999999999971
45,621.0,0.0165,0.9944,0.005600000000000049
45,622.0,0.0185,0.9938,0.006199999999999983
45,623.0,0.0168,0.9944,0.005600000000000049
45,624.0,0.0134,0.9957,0.0042999999999999705
45,625.0,0.0159,0.9945,0.005499999999999949
45,626.0,0.0218,0.9925,0.007499999999999951
45,627.0,0.0173,0.9943,0.005700000000000038
45,628.0,0.0164,0.9946,0.00539999999999996
45,629.0,0.0174,0.9941,0.005900000000000016
45,630.0,0.017,0.9945,0.005499999999999949
45,631.0,0.0184,0.9942,0.005800000000000027
45,632.0,0.0134,0.9956,0.0043999999999999595
45,633.0,0.0161,0.9945,0.005499999999999949
45,634.0,0.0168,0.9947,0.005299999999999971
45,635.0,0.0157,0.9947,0.005299999999999971
45,636.0,0.0191,0.9939,0.006099999999999994
45,637.0,0.0176,0.9943,0.005700000000000038
45,638.0,0.0186,0.994,0.006000000000000005
45,639.0,0.0175,0.9943,0.005700000000000038
45,640.0,0.0139,0.9953,0.0047000000000000375
45,641.0,0.0145,0.995,0.0050000000000000044
45,642.0,0.016,0.9948,0.005199999999999982
45,643.0,0.0186,0.9945,0.005499999999999949
45,644.0,0.0176,0.9942,0.005800000000000027
45,645.0,0.0187,0.9935,0.00649999999999995
45,646.0,0.0188,0.9939,0.006099999999999994
45,647.0,0.0165,0.9948,0.005199999999999982
45,648.0,0.0153,0.9945,0.005499999999999949
45,649.0,0.0164,0.9947,0.005299999999999971
45,650.0,0.0183,0.994,0.006000000000000005
45,651.0,0.0171,0.9942,0.005800000000000027
45,652.0,0.0187,0.9943,0.005700000000000038
45,653.0,0.0145,0.9953,0.0047000000000000375
45,654.0,0.0127,0.9959,0.0040999999999999925
45,655.0,0.0173,0.9941,0.005900000000000016
45,656.0,0.0163,0.9945,0.005499999999999949
45,657.0,0.018,0.9942,0.005800000000000027
45,658.0,0.0178,0.9943,0.005700000000000038
45,659.0,0.0165,0.9946,0.00539999999999996
45,660.0,0.0166,0.9942,0.005800000000000027
45,661.0,0.0139,0.9958,0.0041999999999999815
45,662.0,0.0127,0.9959,0.0040999999999999925
45,663.0,0.0179,0.9939,0.006099999999999994
45,664.0,0.0191,0.9938,0.006199999999999983
45,665.0,0.0172,0.9948,0.005199999999999982
45,666.0,0.0152,0.9949,0.005099999999999993
45,667.0,0.0134,0.9958,0.0041999999999999815
45,668.0,0.0167,0.9945,0.005499999999999949
45,669.0,0.0152,0.9948,0.005199999999999982
45,670.0,0.0162,0.9942,0.005800000000000027
45,671.0,0.0167,0.9946,0.00539999999999996
45,672.0,0.0163,0.9947,0.005299999999999971
45,673.0,0.0155,0.9947,0.005299999999999971
45,674.0,0.0158,0.995,0.0050000000000000044
45,675.0,0.0135,0.9953,0.0047000000000000375
45,676.0,0.0149,0.9951,0.0049000000000000155
45,677.0,0.0162,0.9948,0.005199999999999982
45,678.0,0.0159,0.9946,0.00539999999999996
45,679.0,0.0166,0.9949,0.005099999999999993
45,680.0,0.0177,0.9942,0.005800000000000027
45,681.0,0.0152,0.9949,0.005099999999999993
45,682.0,0.0145,0.9954,0.0046000000000000485
45,683.0,0.0181,0.9944,0.005600000000000049
45,684.0,0.0136,0.9957,0.0042999999999999705
45,685.0,0.0181,0.9943,0.005700000000000038
45,686.0,0.0162,0.9945,0.005499999999999949
45,687.0,0.0144,0.9954,0.0046000000000000485
45,688.0,0.0149,0.9951,0.0049000000000000155
45,689.0,0.0147,0.995,0.0050000000000000044
45,690.0,0.0201,0.9932,0.006800000000000028
45,691.0,0.0169,0.9942,0.005800000000000027
45,692.0,0.014,0.9954,0.0046000000000000485
45,693.0,0.0151,0.9951,0.0049000000000000155
45,694.0,0.0122,0.9962,0.0038000000000000256
45,695.0,0.0131,0.9954,0.0046000000000000485
45,696.0,0.0144,0.9951,0.0049000000000000155
45,697.0,0.0169,0.9947,0.005299999999999971
45,698.0,0.0163,0.9947,0.005299999999999971
45,699.0,0.0149,0.995,0.0050000000000000044
45,700.0,0.0152,0.9953,0.0047000000000000375
45,701.0,0.0139,0.9954,0.0046000000000000485
45,702.0,0.0206,0.9933,0.006700000000000039
45,703.0,0.0134,0.9953,0.0047000000000000375
45,704.0,0.015,0.9953,0.0047000000000000375
45,705.0,0.0148,0.9955,0.0044999999999999485
45,706.0,0.0133,0.9957,0.0042999999999999705
45,707.0,0.016,0.9948,0.005199999999999982
45,708.0,0.0145,0.9953,0.0047000000000000375
45,709.0,0.013,0.9956,0.0043999999999999595
45,710.0,0.0137,0.9953,0.0047000000000000375
45,711.0,0.0181,0.9944,0.005600000000000049
45,712.0,0.0141,0.9955,0.0044999999999999485
45,713.0,0.0144,0.9955,0.0044999999999999485
45,714.0,0.0147,0.995,0.0050000000000000044
45,715.0,0.014,0.9953,0.0047000000000000375
45,716.0,0.0132,0.9955,0.0044999999999999485
45,717.0,0.0142,0.9953,0.0047000000000000375
45,718.0,0.0137,0.9954,0.0046000000000000485
45,719.0,0.0151,0.9949,0.005099999999999993
45,720.0,0.0171,0.9949,0.005099999999999993
45,721.0,0.0175,0.9945,0.005499999999999949
45,722.0,0.0159,0.9945,0.005499999999999949
45,723.0,0.0141,0.9951,0.0049000000000000155
45,724.0,0.0141,0.9955,0.0044999999999999485
45,725.0,0.0117,0.9962,0.0038000000000000256
45,726.0,0.015,0.9952,0.0048000000000000265
45,727.0,0.0141,0.9955,0.0044999999999999485
45,728.0,0.015,0.995,0.0050000000000000044
45,729.0,0.014,0.995,0.0050000000000000044
45,730.0,0.0142,0.9952,0.0048000000000000265
45,731.0,0.0142,0.9955,0.0044999999999999485
45,732.0,0.0148,0.9954,0.0046000000000000485
45,733.0,0.0132,0.9954,0.0046000000000000485
45,734.0,0.0152,0.9952,0.0048000000000000265
45,735.0,0.0164,0.9947,0.005299999999999971
45,736.0,0.0162,0.9946,0.00539999999999996
45,737.0,0.0143,0.9955,0.0044999999999999485
45,738.0,0.0137,0.9954,0.0046000000000000485
45,739.0,0.0126,0.9958,0.0041999999999999815
45,740.0,0.0144,0.9949,0.005099999999999993
45,741.0,0.014,0.9954,0.0046000000000000485
45,742.0,0.0139,0.9954,0.0046000000000000485
45,743.0,0.0167,0.9949,0.005099999999999993
45,744.0,0.0153,0.9951,0.0049000000000000155
45,745.0,0.0118,0.9958,0.0041999999999999815
45,746.0,0.0138,0.9953,0.0047000000000000375
45,747.0,0.0105,0.9966,0.0033999999999999586
45,748.0,0.0171,0.9947,0.005299999999999971
45,749.0,0.0157,0.9948,0.005199999999999982
45,750.0,0.0141,0.9952,0.0048000000000000265
45,751.0,0.0136,0.9959,0.0040999999999999925
45,752.0,0.0156,0.9953,0.0047000000000000375
45,753.0,0.014,0.9954,0.0046000000000000485
45,754.0,0.0126,0.9959,0.0040999999999999925
45,755.0,0.0134,0.9955,0.0044999999999999485
45,756.0,0.0152,0.9953,0.0047000000000000375
45,757.0,0.0137,0.9955,0.0044999999999999485
45,758.0,0.0147,0.9951,0.0049000000000000155
45,759.0,0.0131,0.9954,0.0046000000000000485
45,760.0,0.0132,0.9952,0.0048000000000000265
45,761.0,0.0145,0.9952,0.0048000000000000265
45,762.0,0.0145,0.9953,0.0047000000000000375
45,763.0,0.0144,0.9953,0.0047000000000000375
45,764.0,0.0118,0.9963,0.0037000000000000366
45,765.0,0.0129,0.9959,0.0040999999999999925
45,766.0,0.0151,0.995,0.0050000000000000044
45,767.0,0.0122,0.996,0.0040000000000000036
45,768.0,0.0125,0.9962,0.0038000000000000256
45,769.0,0.0121,0.9957,0.0042999999999999705
45,770.0,0.0156,0.9947,0.005299999999999971
45,771.0,0.0139,0.9955,0.0044999999999999485
45,772.0,0.0154,0.9947,0.005299999999999971
45,773.0,0.0147,0.9957,0.0042999999999999705
45,774.0,0.0126,0.9958,0.0041999999999999815
45,775.0,0.0095,0.9968,0.0031999999999999806
45,776.0,0.0131,0.9956,0.0043999999999999595
45,777.0,0.0146,0.9953,0.0047000000000000375
45,778.0,0.0167,0.9946,0.00539999999999996
45,779.0,0.0126,0.9956,0.0043999999999999595
45,780.0,0.0101,0.9965,0.0034999999999999476
45,781.0,0.0151,0.995,0.0050000000000000044
45,782.0,0.0119,0.9959,0.0040999999999999925
45,783.0,0.017,0.9946,0.00539999999999996
45,784.0,0.0136,0.9956,0.0043999999999999595
45,785.0,0.0161,0.9949,0.005099999999999993
45,786.0,0.0138,0.9954,0.0046000000000000485
45,787.0,0.0134,0.9961,0.0039000000000000146
45,788.0,0.0109,0.9964,0.0036000000000000476
45,789.0,0.0137,0.9955,0.0044999999999999485
45,790.0,0.0128,0.9958,0.0041999999999999815
45,791.0,0.013,0.9956,0.0043999999999999595
45,792.0,0.0107,0.9964,0.0036000000000000476
45,793.0,0.0126,0.9956,0.0043999999999999595
45,794.0,0.0114,0.9961,0.0039000000000000146
45,795.0,0.0152,0.9946,0.00539999999999996
45,796.0,0.0131,0.996,0.0040000000000000036
45,797.0,0.0156,0.9951,0.0049000000000000155
45,798.0,0.0151,0.9951,0.0049000000000000155
45,799.0,0.0113,0.9961,0.0039000000000000146
45,800.0,0.0137,0.9957,0.0042999999999999705
45,801.0,0.012,0.9964,0.0036000000000000476
45,802.0,0.0127,0.996,0.0040000000000000036
45,803.0,0.0117,0.9963,0.0037000000000000366
45,804.0,0.0164,0.9947,0.005299999999999971
45,805.0,0.0103,0.9966,0.0033999999999999586
45,806.0,0.0129,0.9959,0.0040999999999999925
45,807.0,0.0165,0.9944,0.005600000000000049
45,808.0,0.0135,0.9955,0.0044999999999999485
45,809.0,0.0111,0.9962,0.0038000000000000256
45,810.0,0.0124,0.996,0.0040000000000000036
45,811.0,0.0115,0.9964,0.0036000000000000476
45,812.0,0.0136,0.9952,0.0048000000000000265
45,813.0,0.0137,0.9955,0.0044999999999999485
45,814.0,0.0129,0.9958,0.0041999999999999815
45,815.0,0.0117,0.9959,0.0040999999999999925
45,816.0,0.0106,0.9963,0.0037000000000000366
45,817.0,0.0126,0.9956,0.0043999999999999595
45,818.0,0.0135,0.9957,0.0042999999999999705
45,819.0,0.0138,0.9954,0.0046000000000000485
45,820.0,0.0118,0.996,0.0040000000000000036
45,821.0,0.0137,0.9954,0.0046000000000000485
45,822.0,0.0147,0.995,0.0050000000000000044
45,823.0,0.0101,0.9969,0.0030999999999999917
45,824.0,0.0099,0.9965,0.0034999999999999476
45,825.0,0.0166,0.9948,0.005199999999999982
45,826.0,0.0146,0.9948,0.005199999999999982
45,827.0,0.011,0.9961,0.0039000000000000146
45,828.0,0.0136,0.9956,0.0043999999999999595
45,829.0,0.0145,0.9955,0.0044999999999999485
45,830.0,0.0099,0.9968,0.0031999999999999806
45,831.0,0.0151,0.9948,0.005199999999999982
45,832.0,0.0115,0.9961,0.0039000000000000146
45,833.0,0.0141,0.9951,0.0049000000000000155
45,834.0,0.0134,0.9959,0.0040999999999999925
45,835.0,0.0106,0.9963,0.0037000000000000366
45,836.0,0.0093,0.9968,0.0031999999999999806
45,837.0,0.013,0.9959,0.0040999999999999925
45,838.0,0.0114,0.996,0.0040000000000000036
45,839.0,0.0148,0.9952,0.0048000000000000265
45,840.0,0.0128,0.9958,0.0041999999999999815
45,841.0,0.0114,0.996,0.0040000000000000036
45,842.0,0.0111,0.9965,0.0034999999999999476
45,843.0,0.0151,0.9948,0.005199999999999982
45,844.0,0.0127,0.9958,0.0041999999999999815
45,845.0,0.0109,0.9967,0.0032999999999999696
45,846.0,0.0134,0.9955,0.0044999999999999485
45,847.0,0.0133,0.9959,0.0040999999999999925
45,848.0,0.0105,0.9966,0.0033999999999999586
45,849.0,0.0136,0.9959,0.0040999999999999925
45,850.0,0.0141,0.9955,0.0044999999999999485
45,851.0,0.0113,0.9964,0.0036000000000000476
45,852.0,0.0126,0.996,0.0040000000000000036
45,853.0,0.0134,0.9956,0.0043999999999999595
45,854.0,0.0106,0.9967,0.0032999999999999696
45,855.0,0.0101,0.9967,0.0032999999999999696
45,856.0,0.0131,0.996,0.0040000000000000036
45,857.0,0.0154,0.9952,0.0048000000000000265
45,858.0,0.0118,0.9964,0.0036000000000000476
45,859.0,0.0107,0.9964,0.0036000000000000476
45,860.0,0.0126,0.996,0.0040000000000000036
45,861.0,0.0117,0.9963,0.0037000000000000366
45,862.0,0.0112,0.9964,0.0036000000000000476
45,863.0,0.012,0.9958,0.0041999999999999815
45,864.0,0.0163,0.9945,0.005499999999999949
45,865.0,0.0122,0.9959,0.0040999999999999925
45,866.0,0.0114,0.9963,0.0037000000000000366
45,867.0,0.0117,0.9964,0.0036000000000000476
45,868.0,0.0128,0.9959,0.0040999999999999925
45,869.0,0.0106,0.9965,0.0034999999999999476
45,870.0,0.0101,0.9966,0.0033999999999999586
45,871.0,0.0139,0.9957,0.0042999999999999705
45,872.0,0.0147,0.995,0.0050000000000000044
45,873.0,0.0106,0.9965,0.0034999999999999476
45,874.0,0.0109,0.9964,0.0036000000000000476
45,875.0,0.0097,0.9967,0.0032999999999999696
45,876.0,0.0128,0.9956,0.0043999999999999595
45,877.0,0.0121,0.9965,0.0034999999999999476
45,878.0,0.0103,0.9966,0.0033999999999999586
45,879.0,0.0132,0.9955,0.0044999999999999485
45,880.0,0.0116,0.9961,0.0039000000000000146
45,881.0,0.0117,0.9961,0.0039000000000000146
45,882.0,0.012,0.9958,0.0041999999999999815
45,883.0,0.0129,0.9958,0.0041999999999999815
45,884.0,0.0138,0.9956,0.0043999999999999595
45,885.0,0.0097,0.9968,0.0031999999999999806
45,886.0,0.0098,0.9968,0.0031999999999999806
45,887.0,0.0115,0.9964,0.0036000000000000476
45,888.0,0.0107,0.9965,0.0034999999999999476
45,889.0,0.0122,0.9958,0.0041999999999999815
45,890.0,0.0112,0.9964,0.0036000000000000476
45,891.0,0.0098,0.9965,0.0034999999999999476
45,892.0,0.0158,0.9953,0.0047000000000000375
45,893.0,0.0114,0.9964,0.0036000000000000476
45,894.0,0.0111,0.9963,0.0037000000000000366
45,895.0,0.0113,0.9961,0.0039000000000000146
45,896.0,0.0101,0.9969,0.0030999999999999917
45,897.0,0.0097,0.9967,0.0032999999999999696
45,898.0,0.0124,0.9956,0.0043999999999999595
45,899.0,0.0133,0.9956,0.0043999999999999595
45,900.0,0.0134,0.9956,0.0043999999999999595
45,901.0,0.012,0.9961,0.0039000000000000146
45,902.0,0.0119,0.9963,0.0037000000000000366
45,903.0,0.0089,0.997,0.0030000000000000027
45,904.0,0.0102,0.9965,0.0034999999999999476
45,905.0,0.0114,0.9962,0.0038000000000000256
45,906.0,0.0134,0.9955,0.0044999999999999485
45,907.0,0.013,0.9956,0.0043999999999999595
45,908.0,0.0129,0.9957,0.0042999999999999705
45,909.0,0.0082,0.9972,0.0028000000000000247
45,910.0,0.0115,0.9963,0.0037000000000000366
45,911.0,0.0107,0.9963,0.0037000000000000366
45,912.0,0.0132,0.9957,0.0042999999999999705
45,913.0,0.0123,0.9964,0.0036000000000000476
45,914.0,0.01,0.9965,0.0034999999999999476
45,915.0,0.0126,0.996,0.0040000000000000036
45,916.0,0.013,0.9959,0.0040999999999999925
45,917.0,0.0096,0.9969,0.0030999999999999917
45,918.0,0.0084,0.9972,0.0028000000000000247
45,919.0,0.0105,0.9966,0.0033999999999999586
45,920.0,0.0126,0.996,0.0040000000000000036
45,921.0,0.0129,0.9961,0.0039000000000000146
45,922.0,0.0118,0.9961,0.0039000000000000146
45,923.0,0.0094,0.997,0.0030000000000000027
45,924.0,0.0117,0.9965,0.0034999999999999476
45,925.0,0.0135,0.996,0.0040000000000000036
45,926.0,0.013,0.9958,0.0041999999999999815
45,927.0,0.0134,0.9953,0.0047000000000000375
45,928.0,0.0097,0.9966,0.0033999999999999586
45,929.0,0.0112,0.9962,0.0038000000000000256
45,930.0,0.0098,0.9967,0.0032999999999999696
45,931.0,0.0099,0.9967,0.0032999999999999696
45,932.0,0.0107,0.9965,0.0034999999999999476
45,933.0,0.0103,0.9968,0.0031999999999999806
45,934.0,0.0095,0.997,0.0030000000000000027
45,935.0,0.0133,0.996,0.0040000000000000036
45,936.0,0.0127,0.9959,0.0040999999999999925
45,937.0,0.0109,0.9965,0.0034999999999999476
45,938.0,0.0093,0.997,0.0030000000000000027
45,939.0,0.0093,0.9967,0.0032999999999999696
45,940.0,0.0112,0.9965,0.0034999999999999476
45,941.0,0.0117,0.9961,0.0039000000000000146
45,942.0,0.0125,0.9958,0.0041999999999999815
45,943.0,0.0096,0.9966,0.0033999999999999586
45,944.0,0.0104,0.9963,0.0037000000000000366
45,945.0,0.013,0.9956,0.0043999999999999595
45,946.0,0.0096,0.9967,0.0032999999999999696
45,947.0,0.0103,0.9965,0.0034999999999999476
45,948.0,0.0102,0.9966,0.0033999999999999586
45,949.0,0.0096,0.9968,0.0031999999999999806
45,950.0,0.0132,0.9958,0.0041999999999999815
45,951.0,0.0086,0.9972,0.0028000000000000247
45,952.0,0.008,0.9975,0.0024999999999999467
45,953.0,0.0111,0.9961,0.0039000000000000146
45,954.0,0.0118,0.9962,0.0038000000000000256
45,955.0,0.0125,0.996,0.0040000000000000036
45,956.0,0.0089,0.997,0.0030000000000000027
45,957.0,0.0116,0.9963,0.0037000000000000366
45,958.0,0.0101,0.9966,0.0033999999999999586
45,959.0,0.0114,0.9963,0.0037000000000000366
45,960.0,0.0093,0.9967,0.0032999999999999696
45,961.0,0.0092,0.9967,0.0032999999999999696
45,962.0,0.0114,0.9965,0.0034999999999999476
45,963.0,0.0122,0.996,0.0040000000000000036
45,964.0,0.0121,0.9959,0.0040999999999999925
45,965.0,0.0095,0.9966,0.0033999999999999586
45,966.0,0.0105,0.9966,0.0033999999999999586
45,967.0,0.0094,0.997,0.0030000000000000027
45,968.0,0.008,0.9974,0.0026000000000000467
45,969.0,0.0129,0.9958,0.0041999999999999815
45,970.0,0.0141,0.9957,0.0042999999999999705
45,971.0,0.0114,0.9961,0.0039000000000000146
45,972.0,0.0103,0.9965,0.0034999999999999476
45,973.0,0.0113,0.9962,0.0038000000000000256
45,974.0,0.0107,0.9966,0.0033999999999999586
45,975.0,0.0098,0.9967,0.0032999999999999696
45,976.0,0.01,0.9966,0.0033999999999999586
45,977.0,0.0101,0.997,0.0030000000000000027
45,978.0,0.0097,0.9969,0.0030999999999999917
45,979.0,0.0109,0.9965,0.0034999999999999476
45,980.0,0.0112,0.9963,0.0037000000000000366
45,981.0,0.0081,0.9973,0.0027000000000000357
45,982.0,0.0093,0.9972,0.0028000000000000247
45,983.0,0.0123,0.9962,0.0038000000000000256
45,984.0,0.0111,0.9965,0.0034999999999999476
45,985.0,0.0085,0.9972,0.0028000000000000247
45,986.0,0.012,0.9962,0.0038000000000000256
45,987.0,0.0099,0.9967,0.0032999999999999696
45,988.0,0.0107,0.9964,0.0036000000000000476
45,989.0,0.0104,0.9967,0.0032999999999999696
45,990.0,0.0151,0.9953,0.0047000000000000375
45,991.0,0.013,0.9956,0.0043999999999999595
45,992.0,0.009,0.9968,0.0031999999999999806
45,993.0,0.0089,0.9974,0.0026000000000000467
45,994.0,0.0096,0.9966,0.0033999999999999586
45,995.0,0.0096,0.9969,0.0030999999999999917
45,996.0,0.0108,0.9963,0.0037000000000000366
45,997.0,0.0112,0.9967,0.0032999999999999696
45,998.0,0.0087,0.9971,0.0029000000000000137
45,999.0,0.0084,0.9971,0.0029000000000000137
45,1000.0,0.0092,0.9971,0.0029000000000000137
45,1001.0,0.0126,0.9955,0.0044999999999999485
45,1002.0,0.0106,0.9965,0.0034999999999999476
45,1003.0,0.012,0.9966,0.0033999999999999586
45,1004.0,0.0103,0.9965,0.0034999999999999476
45,1005.0,0.011,0.9964,0.0036000000000000476
45,1006.0,0.0108,0.9967,0.0032999999999999696
45,1007.0,0.0103,0.9967,0.0032999999999999696
45,1008.0,0.0111,0.9968,0.0031999999999999806
45,1009.0,0.009,0.9972,0.0028000000000000247
45,1010.0,0.0099,0.9966,0.0033999999999999586
45,1011.0,0.01,0.9968,0.0031999999999999806
45,1012.0,0.0087,0.9973,0.0027000000000000357
45,1013.0,0.0093,0.9967,0.0032999999999999696
45,1014.0,0.0079,0.9975,0.0024999999999999467
45,1015.0,0.0125,0.9962,0.0038000000000000256
45,1016.0,0.0137,0.9958,0.0041999999999999815
45,1017.0,0.0105,0.9961,0.0039000000000000146
45,1018.0,0.0082,0.9974,0.0026000000000000467
45,1019.0,0.009,0.9972,0.0028000000000000247
45,1020.0,0.0082,0.9972,0.0028000000000000247
45,1021.0,0.0096,0.9964,0.0036000000000000476
45,1022.0,0.011,0.9963,0.0037000000000000366
45,1023.0,0.0122,0.9964,0.0036000000000000476
45,1024.0,0.0114,0.9964,0.0036000000000000476
45,1025.0,0.0117,0.9963,0.0037000000000000366
45,1026.0,0.0111,0.9967,0.0032999999999999696
45,1027.0,0.0107,0.9965,0.0034999999999999476
45,1028.0,0.0103,0.9968,0.0031999999999999806
45,1029.0,0.0106,0.9966,0.0033999999999999586
45,1030.0,0.0059,0.9983,0.0017000000000000348
45,1031.0,0.009,0.9972,0.0028000000000000247
45,1032.0,0.0116,0.9962,0.0038000000000000256
45,1033.0,0.01,0.9969,0.0030999999999999917
45,1034.0,0.0104,0.9966,0.0033999999999999586
45,1035.0,0.0108,0.9962,0.0038000000000000256
45,1036.0,0.0094,0.9971,0.0029000000000000137
45,1037.0,0.0111,0.9964,0.0036000000000000476
45,1038.0,0.0114,0.9964,0.0036000000000000476
45,1039.0,0.0106,0.9967,0.0032999999999999696
45,1040.0,0.0094,0.997,0.0030000000000000027
45,1041.0,0.01,0.9966,0.0033999999999999586
45,1042.0,0.0094,0.9967,0.0032999999999999696
45,1043.0,0.0092,0.9971,0.0029000000000000137
45,1044.0,0.0092,0.9969,0.0030999999999999917
45,1045.0,0.0097,0.9967,0.0032999999999999696
45,1046.0,0.0094,0.9968,0.0031999999999999806
45,1047.0,0.0098,0.9969,0.0030999999999999917
45,1048.0,0.0087,0.997,0.0030000000000000027
45,1049.0,0.0119,0.9963,0.0037000000000000366
45,1050.0,0.0095,0.997,0.0030000000000000027
45,1051.0,0.0098,0.997,0.0030000000000000027
45,1052.0,0.0084,0.9971,0.0029000000000000137
45,1053.0,0.009,0.9972,0.0028000000000000247
45,1054.0,0.0109,0.9963,0.0037000000000000366
45,1055.0,0.0104,0.9968,0.0031999999999999806
45,1056.0,0.0112,0.9962,0.0038000000000000256
45,1057.0,0.0089,0.9971,0.0029000000000000137
45,1058.0,0.0109,0.9962,0.0038000000000000256
45,1059.0,0.0107,0.9964,0.0036000000000000476
45,1060.0,0.0089,0.997,0.0030000000000000027
45,1061.0,0.0094,0.9971,0.0029000000000000137
45,1062.0,0.0082,0.9973,0.0027000000000000357
45,1063.0,0.0108,0.9962,0.0038000000000000256
45,1064.0,0.0083,0.9971,0.0029000000000000137
45,1065.0,0.0092,0.997,0.0030000000000000027
45,1066.0,0.0079,0.9973,0.0027000000000000357
45,1067.0,0.0118,0.9961,0.0039000000000000146
45,1068.0,0.0096,0.9968,0.0031999999999999806
45,1069.0,0.0089,0.997,0.0030000000000000027
45,1070.0,0.0105,0.9968,0.0031999999999999806
45,1071.0,0.0089,0.9972,0.0028000000000000247
45,1072.0,0.0105,0.9969,0.0030999999999999917
45,1073.0,0.0105,0.9967,0.0032999999999999696
45,1074.0,0.0093,0.9972,0.0028000000000000247
45,1075.0,0.0094,0.9971,0.0029000000000000137
45,1076.0,0.0081,0.9975,0.0024999999999999467
45,1077.0,0.0079,0.9979,0.0020999999999999908
45,1078.0,0.0114,0.9968,0.0031999999999999806
45,1079.0,0.0093,0.9972,0.0028000000000000247
45,1080.0,0.0124,0.9965,0.0034999999999999476
45,1081.0,0.0098,0.9969,0.0030999999999999917
45,1082.0,0.0072,0.9975,0.0024999999999999467
45,1083.0,0.0104,0.9964,0.0036000000000000476
45,1084.0,0.0122,0.9958,0.0041999999999999815
45,1085.0,0.012,0.996,0.0040000000000000036
45,1086.0,0.0074,0.9976,0.0023999999999999577
45,1087.0,0.0082,0.9973,0.0027000000000000357
45,1088.0,0.0101,0.9967,0.0032999999999999696
45,1089.0,0.0093,0.9971,0.0029000000000000137
45,1090.0,0.0088,0.997,0.0030000000000000027
45,1091.0,0.0101,0.9967,0.0032999999999999696
45,1092.0,0.0095,0.997,0.0030000000000000027
45,1093.0,0.0096,0.997,0.0030000000000000027
45,1094.0,0.0089,0.9969,0.0030999999999999917
45,1095.0,0.0098,0.9967,0.0032999999999999696
45,1096.0,0.0082,0.9971,0.0029000000000000137
45,1097.0,0.0068,0.9977,0.0022999999999999687
45,1098.0,0.0094,0.9967,0.0032999999999999696
45,1099.0,0.0106,0.9968,0.0031999999999999806
45,1100.0,0.0093,0.9968,0.0031999999999999806
45,1101.0,0.0101,0.9966,0.0033999999999999586
45,1102.0,0.0097,0.997,0.0030000000000000027
45,1103.0,0.0095,0.9967,0.0032999999999999696
45,1104.0,0.0089,0.9968,0.0031999999999999806
45,1105.0,0.0076,0.9976,0.0023999999999999577
45,1106.0,0.0078,0.9971,0.0029000000000000137
45,1107.0,0.0121,0.9962,0.0038000000000000256
45,1108.0,0.0115,0.9966,0.0033999999999999586
45,1109.0,0.0079,0.9973,0.0027000000000000357
45,1110.0,0.0084,0.9972,0.0028000000000000247
45,1111.0,0.0071,0.9975,0.0024999999999999467
45,1112.0,0.0126,0.9963,0.0037000000000000366
45,1113.0,0.0089,0.997,0.0030000000000000027
45,1114.0,0.0064,0.9979,0.0020999999999999908
45,1115.0,0.0082,0.9973,0.0027000000000000357
45,1116.0,0.0105,0.9968,0.0031999999999999806
45,1117.0,0.0082,0.9971,0.0029000000000000137
45,1118.0,0.0101,0.9971,0.0029000000000000137
45,1119.0,0.011,0.9963,0.0037000000000000366
45,1120.0,0.0092,0.9969,0.0030999999999999917
45,1121.0,0.0104,0.9969,0.0030999999999999917
45,1122.0,0.0094,0.9967,0.0032999999999999696
45,1123.0,0.0098,0.9966,0.0033999999999999586
45,1124.0,0.0074,0.9974,0.0026000000000000467
45,1125.0,0.0088,0.9974,0.0026000000000000467
45,1126.0,0.0078,0.9974,0.0026000000000000467
45,1127.0,0.0092,0.9972,0.0028000000000000247
45,1128.0,0.0112,0.9962,0.0038000000000000256
45,1129.0,0.0107,0.9965,0.0034999999999999476
45,1130.0,0.0084,0.997,0.0030000000000000027
45,1131.0,0.0075,0.9973,0.0027000000000000357
45,1132.0,0.0094,0.9968,0.0031999999999999806
45,1133.0,0.0074,0.9977,0.0022999999999999687
45,1134.0,0.0118,0.9962,0.0038000000000000256
45,1135.0,0.0095,0.9971,0.0029000000000000137
45,1136.0,0.009,0.9972,0.0028000000000000247
45,1137.0,0.0077,0.9975,0.0024999999999999467
45,1138.0,0.008,0.9975,0.0024999999999999467
45,1139.0,0.0098,0.9969,0.0030999999999999917
45,1140.0,0.0117,0.9963,0.0037000000000000366
45,1141.0,0.0073,0.9973,0.0027000000000000357
45,1142.0,0.0085,0.9971,0.0029000000000000137
45,1143.0,0.0087,0.9971,0.0029000000000000137
45,1144.0,0.01,0.9966,0.0033999999999999586
45,1145.0,0.0094,0.9969,0.0030999999999999917
45,1146.0,0.0084,0.9971,0.0029000000000000137
45,1147.0,0.0096,0.9971,0.0029000000000000137
45,1148.0,0.0084,0.9969,0.0030999999999999917
45,1149.0,0.0053,0.9982,0.0018000000000000238
45,1150.0,0.0074,0.9977,0.0022999999999999687
45,1151.0,0.0115,0.9963,0.0037000000000000366
45,1152.0,0.0108,0.9964,0.0036000000000000476
45,1153.0,0.008,0.9973,0.0027000000000000357
45,1154.0,0.0108,0.9968,0.0031999999999999806
45,1155.0,0.0077,0.9973,0.0027000000000000357
45,1156.0,0.0097,0.997,0.0030000000000000027
45,1157.0,0.0068,0.9978,0.0021999999999999797
45,1158.0,0.0085,0.9974,0.0026000000000000467
45,1159.0,0.0089,0.9975,0.0024999999999999467
45,1160.0,0.0131,0.9957,0.0042999999999999705
45,1161.0,0.0095,0.9965,0.0034999999999999476
45,1162.0,0.0081,0.9973,0.0027000000000000357
45,1163.0,0.0089,0.9972,0.0028000000000000247
45,1164.0,0.0087,0.9969,0.0030999999999999917
45,1165.0,0.0095,0.997,0.0030000000000000027
45,1166.0,0.0082,0.9974,0.0026000000000000467
45,1167.0,0.0067,0.9979,0.0020999999999999908
45,1168.0,0.0083,0.9971,0.0029000000000000137
45,1169.0,0.0077,0.9975,0.0024999999999999467
45,1170.0,0.0081,0.9975,0.0024999999999999467
45,1171.0,0.0105,0.9967,0.0032999999999999696
45,1172.0,0.0094,0.9973,0.0027000000000000357
45,1173.0,0.009,0.9969,0.0030999999999999917
45,1174.0,0.0084,0.9974,0.0026000000000000467
45,1175.0,0.0089,0.997,0.0030000000000000027
45,1176.0,0.0088,0.9974,0.0026000000000000467
45,1177.0,0.0068,0.9981,0.0019000000000000128
45,1178.0,0.0073,0.9975,0.0024999999999999467
45,1179.0,0.011,0.9963,0.0037000000000000366
45,1180.0,0.0126,0.996,0.0040000000000000036
45,1181.0,0.0073,0.9976,0.0023999999999999577
45,1182.0,0.0096,0.9968,0.0031999999999999806
45,1183.0,0.0074,0.9975,0.0024999999999999467
45,1184.0,0.0083,0.9972,0.0028000000000000247
45,1185.0,0.0089,0.9969,0.0030999999999999917
45,1186.0,0.0107,0.9966,0.0033999999999999586
45,1187.0,0.0102,0.997,0.0030000000000000027
45,1188.0,0.0061,0.9981,0.0019000000000000128
45,1189.0,0.0076,0.9973,0.0027000000000000357
45,1190.0,0.0077,0.9977,0.0022999999999999687
45,1191.0,0.008,0.9975,0.0024999999999999467
45,1192.0,0.0079,0.9976,0.0023999999999999577
45,1193.0,0.0078,0.9975,0.0024999999999999467
45,1194.0,0.0109,0.9967,0.0032999999999999696
45,1195.0,0.0073,0.9977,0.0022999999999999687
45,1196.0,0.0104,0.9966,0.0033999999999999586
45,1197.0,0.0108,0.9966,0.0033999999999999586
45,1198.0,0.0082,0.9975,0.0024999999999999467
45,1199.0,0.0078,0.9976,0.0023999999999999577
45,1200.0,0.0076,0.9976,0.0023999999999999577
45,1201.0,0.0108,0.9967,0.0032999999999999696
45,1202.0,0.0119,0.996,0.0040000000000000036
45,1203.0,0.0062,0.9981,0.0019000000000000128
45,1204.0,0.0078,0.9979,0.0020999999999999908
45,1205.0,0.0079,0.9974,0.0026000000000000467
45,1206.0,0.0101,0.9967,0.0032999999999999696
45,1207.0,0.0087,0.9973,0.0027000000000000357
45,1208.0,0.0077,0.9975,0.0024999999999999467
45,1209.0,0.0067,0.9978,0.0021999999999999797
45,1210.0,0.0096,0.9971,0.0029000000000000137
45,1211.0,0.0081,0.9971,0.0029000000000000137
45,1212.0,0.0098,0.9969,0.0030999999999999917
45,1213.0,0.0078,0.9973,0.0027000000000000357
45,1214.0,0.0102,0.9967,0.0032999999999999696
45,1215.0,0.0068,0.9979,0.0020999999999999908
45,1216.0,0.0074,0.9978,0.0021999999999999797
45,1217.0,0.0073,0.9976,0.0023999999999999577
45,1218.0,0.0067,0.9979,0.0020999999999999908
45,1219.0,0.0081,0.9972,0.0028000000000000247
45,1220.0,0.0081,0.9972,0.0028000000000000247
45,1221.0,0.0082,0.9974,0.0026000000000000467
45,1222.0,0.0109,0.9963,0.0037000000000000366
45,1223.0,0.0074,0.9976,0.0023999999999999577
45,1224.0,0.0107,0.9965,0.0034999999999999476
45,1225.0,0.0067,0.9976,0.0023999999999999577
45,1226.0,0.0093,0.997,0.0030000000000000027
45,1227.0,0.0089,0.997,0.0030000000000000027
45,1228.0,0.0066,0.9978,0.0021999999999999797
45,1229.0,0.0054,0.9982,0.0018000000000000238
45,1230.0,0.0076,0.9975,0.0024999999999999467
45,1231.0,0.0114,0.9962,0.0038000000000000256
45,1232.0,0.01,0.9967,0.0032999999999999696
45,1233.0,0.0104,0.9968,0.0031999999999999806
45,1234.0,0.0066,0.9977,0.0022999999999999687
45,1235.0,0.0068,0.9978,0.0021999999999999797
45,1236.0,0.0068,0.9979,0.0020999999999999908
45,1237.0,0.0072,0.9975,0.0024999999999999467
45,1238.0,0.0093,0.9972,0.0028000000000000247
45,1239.0,0.0097,0.9972,0.0028000000000000247
45,1240.0,0.0089,0.997,0.0030000000000000027
45,1241.0,0.0079,0.9975,0.0024999999999999467
45,1242.0,0.0077,0.9977,0.0022999999999999687
45,1243.0,0.0097,0.9967,0.0032999999999999696
45,1244.0,0.0084,0.9974,0.0026000000000000467
45,1245.0,0.0087,0.9972,0.0028000000000000247
45,1246.0,0.0071,0.9977,0.0022999999999999687
45,1247.0,0.0084,0.9973,0.0027000000000000357
45,1248.0,0.009,0.9969,0.0030999999999999917
45,1249.0,0.0101,0.9968,0.0031999999999999806
45,1250.0,0.0093,0.9969,0.0030999999999999917
45,1251.0,0.0068,0.9979,0.0020999999999999908
45,1252.0,0.0055,0.9981,0.0019000000000000128
45,1253.0,0.0075,0.9976,0.0023999999999999577
45,1254.0,0.0071,0.9978,0.0021999999999999797
45,1255.0,0.0064,0.9979,0.0020999999999999908
45,1256.0,0.0099,0.997,0.0030000000000000027
45,1257.0,0.008,0.9973,0.0027000000000000357
45,1258.0,0.0088,0.997,0.0030000000000000027
45,1259.0,0.0096,0.9968,0.0031999999999999806
45,1260.0,0.0068,0.9978,0.0021999999999999797
45,1261.0,0.0078,0.9973,0.0027000000000000357
45,1262.0,0.0085,0.9973,0.0027000000000000357
45,1263.0,0.0083,0.9976,0.0023999999999999577
45,1264.0,0.0066,0.9981,0.0019000000000000128
45,1265.0,0.0085,0.9971,0.0029000000000000137
45,1266.0,0.0083,0.9972,0.0028000000000000247
45,1267.0,0.0087,0.9973,0.0027000000000000357
45,1268.0,0.0096,0.997,0.0030000000000000027
45,1269.0,0.006,0.9981,0.0019000000000000128
45,1270.0,0.0064,0.998,0.0020000000000000018
45,1271.0,0.0085,0.9973,0.0027000000000000357
45,1272.0,0.0083,0.9971,0.0029000000000000137
45,1273.0,0.0065,0.9978,0.0021999999999999797
45,1274.0,0.0075,0.9974,0.0026000000000000467
45,1275.0,0.0098,0.997,0.0030000000000000027
45,1276.0,0.0072,0.9976,0.0023999999999999577
45,1277.0,0.0067,0.9978,0.0021999999999999797
45,1278.0,0.0057,0.9979,0.0020999999999999908
45,1279.0,0.0081,0.9973,0.0027000000000000357
45,1280.0,0.0076,0.9977,0.0022999999999999687
45,1281.0,0.0095,0.9969,0.0030999999999999917
45,1282.0,0.0096,0.9967,0.0032999999999999696
45,1283.0,0.0082,0.9975,0.0024999999999999467
45,1284.0,0.0102,0.9968,0.0031999999999999806
45,1285.0,0.007,0.9977,0.0022999999999999687
45,1286.0,0.009,0.997,0.0030000000000000027
45,1287.0,0.0066,0.9978,0.0021999999999999797
45,1288.0,0.0084,0.9974,0.0026000000000000467
45,1289.0,0.0065,0.9979,0.0020999999999999908
45,1290.0,0.0066,0.9978,0.0021999999999999797
45,1291.0,0.0082,0.9976,0.0023999999999999577
45,1292.0,0.0071,0.9978,0.0021999999999999797
45,1293.0,0.0094,0.997,0.0030000000000000027
45,1294.0,0.0083,0.9973,0.0027000000000000357
45,1295.0,0.0082,0.9973,0.0027000000000000357
45,1296.0,0.0054,0.9982,0.0018000000000000238
45,1297.0,0.0075,0.9975,0.0024999999999999467
45,1298.0,0.0087,0.9969,0.0030999999999999917
45,1299.0,0.0073,0.9976,0.0023999999999999577
45,1300.0,0.0057,0.9981,0.0019000000000000128
45,1301.0,0.0073,0.9977,0.0022999999999999687
45,1302.0,0.0094,0.997,0.0030000000000000027
45,1303.0,0.0085,0.9972,0.0028000000000000247
45,1304.0,0.0072,0.9974,0.0026000000000000467
45,1305.0,0.0077,0.9977,0.0022999999999999687
45,1306.0,0.0077,0.9976,0.0023999999999999577
45,1307.0,0.007,0.9979,0.0020999999999999908
45,1308.0,0.0066,0.9976,0.0023999999999999577
45,1309.0,0.009,0.9969,0.0030999999999999917
45,1310.0,0.0097,0.9969,0.0030999999999999917
45,1311.0,0.0063,0.9981,0.0019000000000000128
45,1312.0,0.007,0.9977,0.0022999999999999687
45,1313.0,0.0093,0.9968,0.0031999999999999806
45,1314.0,0.0084,0.997,0.0030000000000000027
45,1315.0,0.007,0.9976,0.0023999999999999577
45,1316.0,0.0086,0.9969,0.0030999999999999917
45,1317.0,0.0064,0.9978,0.0021999999999999797
45,1318.0,0.0044,0.9986,0.0013999999999999568
45,1319.0,0.0077,0.9976,0.0023999999999999577
45,1320.0,0.0079,0.9977,0.0022999999999999687
45,1321.0,0.0097,0.9971,0.0029000000000000137
45,1322.0,0.009,0.9976,0.0023999999999999577
45,1323.0,0.0081,0.9973,0.0027000000000000357
45,1324.0,0.0096,0.9972,0.0028000000000000247
45,1325.0,0.0063,0.9979,0.0020999999999999908
45,1326.0,0.0069,0.9978,0.0021999999999999797
45,1327.0,0.0072,0.9976,0.0023999999999999577
45,1328.0,0.0064,0.9978,0.0021999999999999797
45,1329.0,0.0088,0.9974,0.0026000000000000467
45,1330.0,0.0069,0.9977,0.0022999999999999687
45,1331.0,0.0097,0.997,0.0030000000000000027
45,1332.0,0.009,0.9976,0.0023999999999999577
45,1333.0,0.0081,0.9974,0.0026000000000000467
45,1334.0,0.0085,0.9972,0.0028000000000000247
45,1335.0,0.008,0.9975,0.0024999999999999467
45,1336.0,0.0063,0.998,0.0020000000000000018
45,1337.0,0.0077,0.9976,0.0023999999999999577
45,1338.0,0.0056,0.9982,0.0018000000000000238
45,1339.0,0.0079,0.9974,0.0026000000000000467
45,1340.0,0.0078,0.9976,0.0023999999999999577
45,1341.0,0.0066,0.9978,0.0021999999999999797
45,1342.0,0.0062,0.998,0.0020000000000000018
45,1343.0,0.0068,0.9978,0.0021999999999999797
45,1344.0,0.0099,0.9967,0.0032999999999999696
45,1345.0,0.007,0.9977,0.0022999999999999687
45,1346.0,0.0068,0.9979,0.0020999999999999908
45,1347.0,0.0052,0.9983,0.0017000000000000348
45,1348.0,0.007,0.9977,0.0022999999999999687
45,1349.0,0.0083,0.9972,0.0028000000000000247
45,1350.0,0.0084,0.9975,0.0024999999999999467
45,1351.0,0.0073,0.9977,0.0022999999999999687
45,1352.0,0.0084,0.9975,0.0024999999999999467
45,1353.0,0.0061,0.9981,0.0019000000000000128
45,1354.0,0.0073,0.9976,0.0023999999999999577
45,1355.0,0.0076,0.9976,0.0023999999999999577
45,1356.0,0.0077,0.9974,0.0026000000000000467
45,1357.0,0.0084,0.9974,0.0026000000000000467
45,1358.0,0.0069,0.9978,0.0021999999999999797
45,1359.0,0.0071,0.9979,0.0020999999999999908
45,1360.0,0.0071,0.9978,0.0021999999999999797
45,1361.0,0.0062,0.9979,0.0020999999999999908
45,1362.0,0.0075,0.9974,0.0026000000000000467
45,1363.0,0.0076,0.9975,0.0024999999999999467
45,1364.0,0.0068,0.9978,0.0021999999999999797
45,1365.0,0.008,0.9975,0.0024999999999999467
45,1366.0,0.0079,0.9974,0.0026000000000000467
45,1367.0,0.0091,0.997,0.0030000000000000027
45,1368.0,0.0085,0.9974,0.0026000000000000467
45,1369.0,0.0066,0.9977,0.0022999999999999687
45,1370.0,0.0053,0.9981,0.0019000000000000128
45,1371.0,0.009,0.9972,0.0028000000000000247
45,1372.0,0.0079,0.9975,0.0024999999999999467
45,1373.0,0.0064,0.9978,0.0021999999999999797
45,1374.0,0.0073,0.9976,0.0023999999999999577
45,1375.0,0.0081,0.9973,0.0027000000000000357
45,1376.0,0.0082,0.9975,0.0024999999999999467
45,1377.0,0.0098,0.9971,0.0029000000000000137
45,1378.0,0.0082,0.9973,0.0027000000000000357
45,1379.0,0.0058,0.9981,0.0019000000000000128
45,1380.0,0.0057,0.9982,0.0018000000000000238
45,1381.0,0.0063,0.9979,0.0020999999999999908
45,1382.0,0.0076,0.9975,0.0024999999999999467
45,1383.0,0.0079,0.9975,0.0024999999999999467
45,1384.0,0.0067,0.9977,0.0022999999999999687
45,1385.0,0.0083,0.9971,0.0029000000000000137
45,1386.0,0.0066,0.9976,0.0023999999999999577
45,1387.0,0.008,0.9976,0.0023999999999999577
45,1388.0,0.0068,0.998,0.0020000000000000018
45,1389.0,0.0074,0.9973,0.0027000000000000357
45,1390.0,0.008,0.9975,0.0024999999999999467
45,1391.0,0.0072,0.9977,0.0022999999999999687
45,1392.0,0.0077,0.9975,0.0024999999999999467
45,1393.0,0.0078,0.9976,0.0023999999999999577
45,1394.0,0.0061,0.9977,0.0022999999999999687
45,1395.0,0.0081,0.9973,0.0027000000000000357
45,1396.0,0.0073,0.9977,0.0022999999999999687
45,1397.0,0.0059,0.998,0.0020000000000000018
45,1398.0,0.0073,0.9979,0.0020999999999999908
45,1399.0,0.0083,0.9972,0.0028000000000000247
45,1400.0,0.0087,0.9973,0.0027000000000000357
45,1401.0,0.0061,0.9982,0.0018000000000000238
45,1402.0,0.0064,0.9978,0.0021999999999999797
45,1403.0,0.008,0.9976,0.0023999999999999577
45,1404.0,0.0056,0.9982,0.0018000000000000238
45,1405.0,0.0084,0.9974,0.0026000000000000467
45,1406.0,0.0067,0.9979,0.0020999999999999908
45,1407.0,0.0091,0.9969,0.0030999999999999917
45,1408.0,0.0056,0.9981,0.0019000000000000128
45,1409.0,0.0066,0.998,0.0020000000000000018
45,1410.0,0.0073,0.9975,0.0024999999999999467
45,1411.0,0.0091,0.9972,0.0028000000000000247
45,1412.0,0.0066,0.9977,0.0022999999999999687
45,1413.0,0.0058,0.998,0.0020000000000000018
45,1414.0,0.0081,0.9974,0.0026000000000000467
45,1415.0,0.0075,0.9977,0.0022999999999999687
45,1416.0,0.0098,0.9968,0.0031999999999999806
45,1417.0,0.0077,0.9977,0.0022999999999999687
45,1418.0,0.0054,0.9984,0.0016000000000000458
45,1419.0,0.0078,0.9976,0.0023999999999999577
45,1420.0,0.0056,0.998,0.0020000000000000018
45,1421.0,0.0065,0.9981,0.0019000000000000128
45,1422.0,0.0075,0.9976,0.0023999999999999577
45,1423.0,0.0069,0.9977,0.0022999999999999687
45,1424.0,0.0056,0.9982,0.0018000000000000238
45,1425.0,0.0063,0.998,0.0020000000000000018
45,1426.0,0.0083,0.9974,0.0026000000000000467
45,1427.0,0.0074,0.9975,0.0024999999999999467
45,1428.0,0.0095,0.9968,0.0031999999999999806
45,1429.0,0.0086,0.9971,0.0029000000000000137
45,1430.0,0.0065,0.9981,0.0019000000000000128
45,1431.0,0.0036,0.9989,0.0010999999999999899
45,1432.0,0.0063,0.998,0.0020000000000000018
45,1433.0,0.0086,0.9973,0.0027000000000000357
45,1434.0,0.0079,0.9973,0.0027000000000000357
45,1435.0,0.0072,0.9976,0.0023999999999999577
45,1436.0,0.0067,0.9978,0.0021999999999999797
45,1437.0,0.0081,0.9972,0.0028000000000000247
45,1438.0,0.008,0.9974,0.0026000000000000467
45,1439.0,0.0068,0.9976,0.0023999999999999577
45,1440.0,0.0079,0.9975,0.0024999999999999467
45,1441.0,0.0065,0.9979,0.0020999999999999908
45,1442.0,0.006,0.9982,0.0018000000000000238
45,1443.0,0.0061,0.9981,0.0019000000000000128
45,1444.0,0.0064,0.9979,0.0020999999999999908
45,1445.0,0.0082,0.9975,0.0024999999999999467
45,1446.0,0.0089,0.9971,0.0029000000000000137
45,1447.0,0.0083,0.9971,0.0029000000000000137
45,1448.0,0.0063,0.9982,0.0018000000000000238
45,1449.0,0.0057,0.998,0.0020000000000000018
45,1450.0,0.0062,0.9981,0.0019000000000000128
45,1451.0,0.008,0.9974,0.0026000000000000467
45,1452.0,0.0081,0.9973,0.0027000000000000357
45,1453.0,0.0069,0.9978,0.0021999999999999797
45,1454.0,0.0054,0.9982,0.0018000000000000238
45,1455.0,0.0053,0.9983,0.0017000000000000348
45,1456.0,0.006,0.9979,0.0020999999999999908
45,1457.0,0.0072,0.9976,0.0023999999999999577
45,1458.0,0.0076,0.9976,0.0023999999999999577
45,1459.0,0.0067,0.9981,0.0019000000000000128
45,1460.0,0.0051,0.9985,0.0014999999999999458
45,1461.0,0.0064,0.998,0.0020000000000000018
45,1462.0,0.0051,0.9981,0.0019000000000000128
45,1463.0,0.0108,0.9968,0.0031999999999999806
45,1464.0,0.0087,0.9972,0.0028000000000000247
45,1465.0,0.0071,0.9976,0.0023999999999999577
45,1466.0,0.0066,0.998,0.0020000000000000018
45,1467.0,0.0054,0.998,0.0020000000000000018
45,1468.0,0.006,0.9979,0.0020999999999999908
45,1469.0,0.0061,0.9978,0.0021999999999999797
45,1470.0,0.0065,0.998,0.0020000000000000018
45,1471.0,0.006,0.9982,0.0018000000000000238
45,1472.0,0.0082,0.9973,0.0027000000000000357
45,1473.0,0.008,0.9973,0.0027000000000000357
45,1474.0,0.0077,0.9974,0.0026000000000000467
45,1475.0,0.0071,0.9977,0.0022999999999999687
45,1476.0,0.0096,0.9973,0.0027000000000000357
45,1477.0,0.0058,0.9982,0.0018000000000000238
45,1478.0,0.0062,0.9981,0.0019000000000000128
45,1479.0,0.0056,0.9982,0.0018000000000000238
45,1480.0,0.0067,0.9978,0.0021999999999999797
45,1481.0,0.0069,0.9979,0.0020999999999999908
45,1482.0,0.0063,0.9979,0.0020999999999999908
45,1483.0,0.0076,0.9975,0.0024999999999999467
45,1484.0,0.007,0.9977,0.0022999999999999687
45,1485.0,0.0064,0.9979,0.0020999999999999908
45,1486.0,0.0061,0.9981,0.0019000000000000128
45,1487.0,0.005,0.9985,0.0014999999999999458
45,1488.0,0.0095,0.9971,0.0029000000000000137
45,1489.0,0.0082,0.9972,0.0028000000000000247
45,1490.0,0.0088,0.9972,0.0028000000000000247
45,1491.0,0.007,0.9977,0.0022999999999999687
45,1492.0,0.0067,0.9978,0.0021999999999999797
45,1493.0,0.0049,0.9985,0.0014999999999999458
45,1494.0,0.0061,0.9982,0.0018000000000000238
45,1495.0,0.007,0.9977,0.0022999999999999687
45,1496.0,0.0079,0.9975,0.0024999999999999467
45,1497.0,0.0064,0.9979,0.0020999999999999908
45,1498.0,0.0048,0.9984,0.0016000000000000458
45,1499.0,0.0074,0.9976,0.0023999999999999577
45,1500.0,0.0061,0.9981,0.0019000000000000128
45,1501.0,0.0065,0.9978,0.0021999999999999797
45,1502.0,0.0079,0.9974,0.0026000000000000467
45,1503.0,0.0057,0.9982,0.0018000000000000238
45,1504.0,0.0061,0.9981,0.0019000000000000128
45,1505.0,0.0066,0.9979,0.0020999999999999908
45,1506.0,0.0073,0.9976,0.0023999999999999577
45,1507.0,0.006,0.9979,0.0020999999999999908
45,1508.0,0.0052,0.9985,0.0014999999999999458
45,1509.0,0.0063,0.9977,0.0022999999999999687
45,1510.0,0.0069,0.9979,0.0020999999999999908
45,1511.0,0.0068,0.9977,0.0022999999999999687
45,1512.0,0.0071,0.9976,0.0023999999999999577
45,1513.0,0.006,0.998,0.0020000000000000018
45,1514.0,0.0059,0.9979,0.0020999999999999908
45,1515.0,0.0059,0.9982,0.0018000000000000238
45,1516.0,0.0063,0.998,0.0020000000000000018
45,1517.0,0.0094,0.9972,0.0028000000000000247
45,1518.0,0.0059,0.998,0.0020000000000000018
45,1519.0,0.0062,0.998,0.0020000000000000018
45,1520.0,0.0086,0.9973,0.0027000000000000357
45,1521.0,0.0062,0.9981,0.0019000000000000128
45,1522.0,0.0063,0.9981,0.0019000000000000128
45,1523.0,0.008,0.9974,0.0026000000000000467
45,1524.0,0.0059,0.9982,0.0018000000000000238
45,1525.0,0.0067,0.998,0.0020000000000000018
45,1526.0,0.0064,0.9981,0.0019000000000000128
45,1527.0,0.0069,0.998,0.0020000000000000018
45,1528.0,0.0073,0.9977,0.0022999999999999687
45,1529.0,0.0063,0.9978,0.0021999999999999797
45,1530.0,0.0055,0.998,0.0020000000000000018
45,1531.0,0.0066,0.998,0.0020000000000000018
45,1532.0,0.0062,0.998,0.0020000000000000018
45,1533.0,0.0077,0.9974,0.0026000000000000467
45,1534.0,0.005,0.9982,0.0018000000000000238
45,1535.0,0.0061,0.9981,0.0019000000000000128
45,1536.0,0.0059,0.9981,0.0019000000000000128
45,1537.0,0.0088,0.9973,0.0027000000000000357
45,1538.0,0.0072,0.9977,0.0022999999999999687
45,1539.0,0.0068,0.9978,0.0021999999999999797
45,1540.0,0.0062,0.998,0.0020000000000000018
45,1541.0,0.0049,0.9984,0.0016000000000000458
45,1542.0,0.0061,0.998,0.0020000000000000018
45,1543.0,0.0083,0.9974,0.0026000000000000467
45,1544.0,0.0066,0.9978,0.0021999999999999797
45,1545.0,0.0065,0.9976,0.0023999999999999577
45,1546.0,0.0047,0.9984,0.0016000000000000458
45,1547.0,0.0057,0.9982,0.0018000000000000238
45,1548.0,0.0082,0.9974,0.0026000000000000467
45,1549.0,0.0074,0.9975,0.0024999999999999467
45,1550.0,0.0072,0.9977,0.0022999999999999687
45,1551.0,0.0058,0.9981,0.0019000000000000128
45,1552.0,0.0072,0.998,0.0020000000000000018
45,1553.0,0.007,0.9978,0.0021999999999999797
45,1554.0,0.0058,0.9981,0.0019000000000000128
45,1555.0,0.0054,0.9983,0.0017000000000000348
45,1556.0,0.005,0.9986,0.0013999999999999568
45,1557.0,0.0058,0.9979,0.0020999999999999908
45,1558.0,0.0075,0.9975,0.0024999999999999467
45,1559.0,0.0053,0.9984,0.0016000000000000458
45,1560.0,0.0061,0.998,0.0020000000000000018
45,1561.0,0.0083,0.9974,0.0026000000000000467
45,1562.0,0.006,0.9981,0.0019000000000000128
45,1563.0,0.0056,0.9979,0.0020999999999999908
45,1564.0,0.0071,0.9976,0.0023999999999999577
45,1565.0,0.006,0.9981,0.0019000000000000128
45,1566.0,0.0061,0.9981,0.0019000000000000128
45,1567.0,0.0084,0.9973,0.0027000000000000357
45,1568.0,0.0075,0.9974,0.0026000000000000467
45,1569.0,0.0075,0.9977,0.0022999999999999687
45,1570.0,0.0045,0.9984,0.0016000000000000458
45,1571.0,0.0061,0.9981,0.0019000000000000128
45,1572.0,0.0076,0.9977,0.0022999999999999687
45,1573.0,0.0072,0.9977,0.0022999999999999687
45,1574.0,0.0069,0.9977,0.0022999999999999687
45,1575.0,0.0061,0.9978,0.0021999999999999797
45,1576.0,0.0061,0.998,0.0020000000000000018
45,1577.0,0.0055,0.9981,0.0019000000000000128
45,1578.0,0.0081,0.9977,0.0022999999999999687
45,1579.0,0.0061,0.9979,0.0020999999999999908
45,1580.0,0.0058,0.998,0.0020000000000000018
45,1581.0,0.0074,0.9977,0.0022999999999999687
45,1582.0,0.0059,0.9982,0.0018000000000000238
45,1583.0,0.0063,0.9979,0.0020999999999999908
45,1584.0,0.0073,0.9978,0.0021999999999999797
45,1585.0,0.0061,0.998,0.0020000000000000018
45,1586.0,0.007,0.9977,0.0022999999999999687
45,1587.0,0.0069,0.9977,0.0022999999999999687
45,1588.0,0.0058,0.9983,0.0017000000000000348
45,1589.0,0.0065,0.9979,0.0020999999999999908
45,1590.0,0.0071,0.9977,0.0022999999999999687
45,1591.0,0.0063,0.9979,0.0020999999999999908
45,1592.0,0.006,0.9978,0.0021999999999999797
45,1593.0,0.0066,0.9979,0.0020999999999999908
45,1594.0,0.0054,0.9982,0.0018000000000000238
45,1595.0,0.0059,0.9981,0.0019000000000000128
45,1596.0,0.0071,0.9977,0.0022999999999999687
45,1597.0,0.0047,0.9984,0.0016000000000000458
45,1598.0,0.0061,0.9981,0.0019000000000000128
45,1599.0,0.006,0.9979,0.0020999999999999908
45,1600.0,0.0057,0.9982,0.0018000000000000238
45,1601.0,0.0059,0.9979,0.0020999999999999908
45,1602.0,0.006,0.9981,0.0019000000000000128
45,1603.0,0.0068,0.9979,0.0020999999999999908
45,1604.0,0.007,0.9977,0.0022999999999999687
45,1605.0,0.0051,0.9982,0.0018000000000000238
45,1606.0,0.0079,0.9974,0.0026000000000000467
45,1607.0,0.0068,0.9979,0.0020999999999999908
45,1608.0,0.0063,0.998,0.0020000000000000018
45,1609.0,0.0075,0.9975,0.0024999999999999467
45,1610.0,0.0058,0.9983,0.0017000000000000348
45,1611.0,0.0052,0.9986,0.0013999999999999568
45,1612.0,0.0057,0.998,0.0020000000000000018
45,1613.0,0.0059,0.9982,0.0018000000000000238
45,1614.0,0.0064,0.9978,0.0021999999999999797
45,1615.0,0.0059,0.9983,0.0017000000000000348
45,1616.0,0.0063,0.9979,0.0020999999999999908
45,1617.0,0.0067,0.9978,0.0021999999999999797
45,1618.0,0.0053,0.9982,0.0018000000000000238
45,1619.0,0.0056,0.9979,0.0020999999999999908
45,1620.0,0.0077,0.9977,0.0022999999999999687
45,1621.0,0.0057,0.9982,0.0018000000000000238
45,1622.0,0.0052,0.9981,0.0019000000000000128
45,1623.0,0.0068,0.998,0.0020000000000000018
45,1624.0,0.0072,0.9979,0.0020999999999999908
45,1625.0,0.006,0.9979,0.0020999999999999908
45,1626.0,0.0066,0.9976,0.0023999999999999577
45,1627.0,0.0059,0.9981,0.0019000000000000128
45,1628.0,0.0058,0.9982,0.0018000000000000238
45,1629.0,0.005,0.9984,0.0016000000000000458
45,1630.0,0.0071,0.9977,0.0022999999999999687
45,1631.0,0.0059,0.998,0.0020000000000000018
45,1632.0,0.0057,0.9982,0.0018000000000000238
45,1633.0,0.0074,0.9979,0.0020999999999999908
45,1634.0,0.0067,0.9979,0.0020999999999999908
45,1635.0,0.0071,0.998,0.0020000000000000018
45,1636.0,0.0061,0.9983,0.0017000000000000348
45,1637.0,0.0062,0.9981,0.0019000000000000128
45,1638.0,0.0047,0.9986,0.0013999999999999568
45,1639.0,0.0061,0.998,0.0020000000000000018
45,1640.0,0.0065,0.998,0.0020000000000000018
45,1641.0,0.0053,0.9983,0.0017000000000000348
45,1642.0,0.0056,0.998,0.0020000000000000018
45,1643.0,0.0061,0.998,0.0020000000000000018
45,1644.0,0.0077,0.9975,0.0024999999999999467
45,1645.0,0.0093,0.9973,0.0027000000000000357
45,1646.0,0.0071,0.9977,0.0022999999999999687
45,1647.0,0.0055,0.9981,0.0019000000000000128
45,1648.0,0.0054,0.9984,0.0016000000000000458
45,1649.0,0.0063,0.9982,0.0018000000000000238
45,1650.0,0.0062,0.998,0.0020000000000000018
45,1651.0,0.0058,0.9983,0.0017000000000000348
45,1652.0,0.0043,0.9988,0.0011999999999999789
45,1653.0,0.0066,0.9978,0.0021999999999999797
45,1654.0,0.0075,0.9978,0.0021999999999999797
45,1655.0,0.0072,0.9978,0.0021999999999999797
45,1656.0,0.0045,0.9986,0.0013999999999999568
45,1657.0,0.0047,0.9984,0.0016000000000000458
45,1658.0,0.0062,0.9982,0.0018000000000000238
45,1659.0,0.007,0.9979,0.0020999999999999908
45,1660.0,0.0061,0.998,0.0020000000000000018
45,1661.0,0.0066,0.9976,0.0023999999999999577
45,1662.0,0.008,0.9974,0.0026000000000000467
45,1663.0,0.0061,0.9981,0.0019000000000000128
45,1664.0,0.0051,0.9982,0.0018000000000000238
45,1665.0,0.0045,0.9989,0.0010999999999999899
45,1666.0,0.0062,0.9982,0.0018000000000000238
45,1667.0,0.0074,0.9981,0.0019000000000000128
45,1668.0,0.0062,0.9981,0.0019000000000000128
45,1669.0,0.0063,0.998,0.0020000000000000018
45,1670.0,0.0067,0.9976,0.0023999999999999577
45,1671.0,0.0067,0.9978,0.0021999999999999797
45,1672.0,0.0056,0.9983,0.0017000000000000348
45,1673.0,0.0055,0.9981,0.0019000000000000128
45,1674.0,0.006,0.9983,0.0017000000000000348
45,1675.0,0.0063,0.9978,0.0021999999999999797
45,1676.0,0.0061,0.998,0.0020000000000000018
45,1677.0,0.0048,0.9985,0.0014999999999999458
45,1678.0,0.0066,0.9979,0.0020999999999999908
45,1679.0,0.0064,0.9979,0.0020999999999999908
45,1680.0,0.0052,0.9982,0.0018000000000000238
45,1681.0,0.0055,0.9981,0.0019000000000000128
45,1682.0,0.007,0.9977,0.0022999999999999687
45,1683.0,0.0064,0.9979,0.0020999999999999908
45,1684.0,0.0047,0.9985,0.0014999999999999458
45,1685.0,0.004,0.9987,0.0012999999999999678
45,1686.0,0.0055,0.9983,0.0017000000000000348
45,1687.0,0.0059,0.9982,0.0018000000000000238
45,1688.0,0.0068,0.9977,0.0022999999999999687
45,1689.0,0.0066,0.9976,0.0023999999999999577
45,1690.0,0.0054,0.9982,0.0018000000000000238
45,1691.0,0.0054,0.9982,0.0018000000000000238
45,1692.0,0.007,0.9981,0.0019000000000000128
45,1693.0,0.0054,0.9985,0.0014999999999999458
45,1694.0,0.0042,0.9987,0.0012999999999999678
45,1695.0,0.0059,0.998,0.0020000000000000018
45,1696.0,0.0066,0.9981,0.0019000000000000128
45,1697.0,0.0061,0.998,0.0020000000000000018
45,1698.0,0.0073,0.9977,0.0022999999999999687
45,1699.0,0.0069,0.9978,0.0021999999999999797
45,1700.0,0.0049,0.9983,0.0017000000000000348
45,1701.0,0.0052,0.9982,0.0018000000000000238
45,1702.0,0.005,0.9985,0.0014999999999999458
45,1703.0,0.0059,0.9979,0.0020999999999999908
45,1704.0,0.0042,0.9984,0.0016000000000000458
45,1705.0,0.004,0.9984,0.0016000000000000458
45,1706.0,0.0048,0.9984,0.0016000000000000458
45,1707.0,0.0048,0.9984,0.0016000000000000458
45,1708.0,0.0055,0.9982,0.0018000000000000238
45,1709.0,0.0064,0.998,0.0020000000000000018
45,1710.0,0.0077,0.9976,0.0023999999999999577
45,1711.0,0.0062,0.9981,0.0019000000000000128
45,1712.0,0.0069,0.9979,0.0020999999999999908
45,1713.0,0.0067,0.9979,0.0020999999999999908
45,1714.0,0.0049,0.9986,0.0013999999999999568
45,1715.0,0.0061,0.9981,0.0019000000000000128
45,1716.0,0.0057,0.9983,0.0017000000000000348
45,1717.0,0.006,0.9984,0.0016000000000000458
45,1718.0,0.0043,0.9985,0.0014999999999999458
45,1719.0,0.0045,0.9984,0.0016000000000000458
45,1720.0,0.0064,0.9978,0.0021999999999999797
45,1721.0,0.0058,0.9983,0.0017000000000000348
45,1722.0,0.0076,0.9977,0.0022999999999999687
45,1723.0,0.0069,0.9978,0.0021999999999999797
45,1724.0,0.0062,0.9981,0.0019000000000000128
45,1725.0,0.0058,0.9982,0.0018000000000000238
45,1726.0,0.0072,0.9979,0.0020999999999999908
45,1727.0,0.0044,0.9988,0.0011999999999999789
45,1728.0,0.0052,0.9984,0.0016000000000000458
45,1729.0,0.0046,0.9984,0.0016000000000000458
45,1730.0,0.0052,0.9982,0.0018000000000000238
45,1731.0,0.0055,0.9983,0.0017000000000000348
45,1732.0,0.0066,0.9977,0.0022999999999999687
45,1733.0,0.0068,0.9977,0.0022999999999999687
45,1734.0,0.0066,0.998,0.0020000000000000018
45,1735.0,0.0054,0.9986,0.0013999999999999568
45,1736.0,0.0054,0.9984,0.0016000000000000458
45,1737.0,0.0036,0.9988,0.0011999999999999789
45,1738.0,0.0031,0.9991,0.0009000000000000119
45,1739.0,0.0074,0.9977,0.0022999999999999687
45,1740.0,0.0083,0.9973,0.0027000000000000357
45,1741.0,0.0059,0.9979,0.0020999999999999908
45,1742.0,0.0065,0.9978,0.0021999999999999797
45,1743.0,0.0051,0.9985,0.0014999999999999458
45,1744.0,0.0048,0.9986,0.0013999999999999568
45,1745.0,0.005,0.9982,0.0018000000000000238
45,1746.0,0.0061,0.9982,0.0018000000000000238
45,1747.0,0.0066,0.9979,0.0020999999999999908
45,1748.0,0.005,0.9985,0.0014999999999999458
45,1749.0,0.0078,0.9974,0.0026000000000000467
45,1750.0,0.0063,0.998,0.0020000000000000018
45,1751.0,0.0049,0.9983,0.0017000000000000348
45,1752.0,0.0052,0.9983,0.0017000000000000348
45,1753.0,0.005,0.9983,0.0017000000000000348
45,1754.0,0.0057,0.9981,0.0019000000000000128
45,1755.0,0.0054,0.998,0.0020000000000000018
45,1756.0,0.0056,0.9982,0.0018000000000000238
45,1757.0,0.0056,0.9981,0.0019000000000000128
45,1758.0,0.0055,0.9981,0.0019000000000000128
45,1759.0,0.0039,0.9989,0.0010999999999999899
45,1760.0,0.0047,0.9986,0.0013999999999999568
45,1761.0,0.0061,0.9978,0.0021999999999999797
45,1762.0,0.0072,0.9976,0.0023999999999999577
45,1763.0,0.0059,0.998,0.0020000000000000018
45,1764.0,0.0054,0.9982,0.0018000000000000238
45,1765.0,0.0059,0.9981,0.0019000000000000128
45,1766.0,0.0062,0.9981,0.0019000000000000128
45,1767.0,0.0059,0.9982,0.0018000000000000238
45,1768.0,0.0058,0.9979,0.0020999999999999908
45,1769.0,0.0033,0.9988,0.0011999999999999789
45,1770.0,0.0055,0.9981,0.0019000000000000128
45,1771.0,0.006,0.9982,0.0018000000000000238
45,1772.0,0.0073,0.9976,0.0023999999999999577
45,1773.0,0.0065,0.9979,0.0020999999999999908
45,1774.0,0.0066,0.9981,0.0019000000000000128
45,1775.0,0.0039,0.9987,0.0012999999999999678
45,1776.0,0.0058,0.9982,0.0018000000000000238
45,1777.0,0.0064,0.998,0.0020000000000000018
45,1778.0,0.0059,0.998,0.0020000000000000018
45,1779.0,0.0053,0.9982,0.0018000000000000238
45,1780.0,0.0054,0.9983,0.0017000000000000348
45,1781.0,0.0062,0.998,0.0020000000000000018
45,1782.0,0.0062,0.9979,0.0020999999999999908
45,1783.0,0.0075,0.9975,0.0024999999999999467
45,1784.0,0.0049,0.9983,0.0017000000000000348
45,1785.0,0.0034,0.9989,0.0010999999999999899
45,1786.0,0.0047,0.9986,0.0013999999999999568
45,1787.0,0.006,0.9979,0.0020999999999999908
45,1788.0,0.0055,0.9981,0.0019000000000000128
45,1789.0,0.0073,0.9979,0.0020999999999999908
45,1790.0,0.0056,0.9981,0.0019000000000000128
45,1791.0,0.0052,0.9986,0.0013999999999999568
45,1792.0,0.0035,0.9987,0.0012999999999999678
45,1793.0,0.0067,0.9979,0.0020999999999999908
45,1794.0,0.0061,0.998,0.0020000000000000018
45,1795.0,0.0064,0.9981,0.0019000000000000128
45,1796.0,0.0062,0.9978,0.0021999999999999797
45,1797.0,0.006,0.998,0.0020000000000000018
45,1798.0,0.0052,0.9984,0.0016000000000000458
45,1799.0,0.0052,0.9983,0.0017000000000000348
45,1800.0,0.0043,0.9986,0.0013999999999999568
45,1801.0,0.0049,0.9985,0.0014999999999999458
45,1802.0,0.0061,0.9978,0.0021999999999999797
45,1803.0,0.0063,0.9979,0.0020999999999999908
45,1804.0,0.0066,0.998,0.0020000000000000018
45,1805.0,0.0065,0.998,0.0020000000000000018
45,1806.0,0.0048,0.9983,0.0017000000000000348
45,1807.0,0.005,0.9982,0.0018000000000000238
45,1808.0,0.0049,0.9987,0.0012999999999999678
45,1809.0,0.0067,0.9981,0.0019000000000000128
45,1810.0,0.0067,0.998,0.0020000000000000018
45,1811.0,0.0062,0.9981,0.0019000000000000128
45,1812.0,0.0044,0.9985,0.0014999999999999458
45,1813.0,0.0053,0.9983,0.0017000000000000348
45,1814.0,0.0045,0.9985,0.0014999999999999458
45,1815.0,0.0052,0.9983,0.0017000000000000348
45,1816.0,0.0064,0.998,0.0020000000000000018
45,1817.0,0.0061,0.9977,0.0022999999999999687
45,1818.0,0.0039,0.9988,0.0011999999999999789
45,1819.0,0.0048,0.9982,0.0018000000000000238
45,1820.0,0.0051,0.9983,0.0017000000000000348
45,1821.0,0.0066,0.9978,0.0021999999999999797
45,1822.0,0.005,0.9983,0.0017000000000000348
45,1823.0,0.0048,0.9985,0.0014999999999999458
45,1824.0,0.0052,0.9983,0.0017000000000000348
45,1825.0,0.0042,0.9985,0.0014999999999999458
45,1826.0,0.0042,0.9987,0.0012999999999999678
45,1827.0,0.0048,0.9982,0.0018000000000000238
45,1828.0,0.0059,0.9984,0.0016000000000000458
45,1829.0,0.0066,0.9979,0.0020999999999999908
45,1830.0,0.0051,0.9985,0.0014999999999999458
45,1831.0,0.0063,0.9977,0.0022999999999999687
45,1832.0,0.0057,0.9981,0.0019000000000000128
45,1833.0,0.0053,0.9984,0.0016000000000000458
45,1834.0,0.0059,0.9981,0.0019000000000000128
45,1835.0,0.0058,0.9982,0.0018000000000000238
45,1836.0,0.004,0.9986,0.0013999999999999568
45,1837.0,0.0047,0.9987,0.0012999999999999678
45,1838.0,0.0066,0.9978,0.0021999999999999797
45,1839.0,0.0063,0.9979,0.0020999999999999908
45,1840.0,0.0053,0.9984,0.0016000000000000458
45,1841.0,0.0051,0.9986,0.0013999999999999568
45,1842.0,0.0057,0.9982,0.0018000000000000238
45,1843.0,0.0037,0.9989,0.0010999999999999899
45,1844.0,0.0035,0.9989,0.0010999999999999899
45,1845.0,0.0049,0.9985,0.0014999999999999458
45,1846.0,0.0068,0.9976,0.0023999999999999577
45,1847.0,0.0052,0.9983,0.0017000000000000348
45,1848.0,0.0064,0.998,0.0020000000000000018
45,1849.0,0.0058,0.9983,0.0017000000000000348
45,1850.0,0.0045,0.9986,0.0013999999999999568
45,1851.0,0.0068,0.998,0.0020000000000000018
45,1852.0,0.0061,0.998,0.0020000000000000018
45,1853.0,0.0057,0.9984,0.0016000000000000458
45,1854.0,0.0039,0.9986,0.0013999999999999568
45,1855.0,0.0047,0.9985,0.0014999999999999458
45,1856.0,0.0051,0.9983,0.0017000000000000348
45,1857.0,0.007,0.9978,0.0021999999999999797
45,1858.0,0.0061,0.998,0.0020000000000000018
45,1859.0,0.0064,0.9981,0.0019000000000000128
45,1860.0,0.0063,0.998,0.0020000000000000018
45,1861.0,0.0046,0.9984,0.0016000000000000458
45,1862.0,0.0057,0.9982,0.0018000000000000238
45,1863.0,0.0056,0.9983,0.0017000000000000348
45,1864.0,0.0062,0.998,0.0020000000000000018
45,1865.0,0.0048,0.9984,0.0016000000000000458
45,1866.0,0.006,0.9984,0.0016000000000000458
45,1867.0,0.0065,0.9981,0.0019000000000000128
45,1868.0,0.0057,0.9982,0.0018000000000000238
45,1869.0,0.0041,0.9986,0.0013999999999999568
45,1870.0,0.006,0.9979,0.0020999999999999908
45,1871.0,0.0043,0.9987,0.0012999999999999678
45,1872.0,0.0045,0.9985,0.0014999999999999458
45,1873.0,0.0079,0.9974,0.0026000000000000467
45,1874.0,0.0057,0.9981,0.0019000000000000128
45,1875.0,0.0043,0.9985,0.0014999999999999458
45,1876.0,0.0059,0.9982,0.0018000000000000238
45,1877.0,0.006,0.9983,0.0017000000000000348
45,1878.0,0.0053,0.9983,0.0017000000000000348
45,1879.0,0.0052,0.9983,0.0017000000000000348
45,1880.0,0.0048,0.9984,0.0016000000000000458
45,1881.0,0.0049,0.9987,0.0012999999999999678
45,1882.0,0.0044,0.9988,0.0011999999999999789
45,1883.0,0.0046,0.9984,0.0016000000000000458
45,1884.0,0.0048,0.9984,0.0016000000000000458
45,1885.0,0.0047,0.9984,0.0016000000000000458
45,1886.0,0.0068,0.9975,0.0024999999999999467
45,1887.0,0.0056,0.9982,0.0018000000000000238
45,1888.0,0.0071,0.998,0.0020000000000000018
45,1889.0,0.0058,0.9981,0.0019000000000000128
45,1890.0,0.0048,0.9984,0.0016000000000000458
45,1891.0,0.0046,0.9985,0.0014999999999999458
45,1892.0,0.0052,0.9987,0.0012999999999999678
45,1893.0,0.005,0.9986,0.0013999999999999568
45,1894.0,0.0053,0.9984,0.0016000000000000458
45,1895.0,0.0062,0.9981,0.0019000000000000128
45,1896.0,0.0051,0.9984,0.0016000000000000458
45,1897.0,0.006,0.9982,0.0018000000000000238
45,1898.0,0.0056,0.9984,0.0016000000000000458
45,1899.0,0.0052,0.9984,0.0016000000000000458
45,1900.0,0.0052,0.9985,0.0014999999999999458
45,1901.0,0.0062,0.9979,0.0020999999999999908
45,1902.0,0.005,0.9982,0.0018000000000000238
45,1903.0,0.0052,0.9981,0.0019000000000000128
45,1904.0,0.0042,0.9987,0.0012999999999999678
45,1905.0,0.0051,0.9982,0.0018000000000000238
45,1906.0,0.0037,0.9989,0.0010999999999999899
45,1907.0,0.0052,0.9983,0.0017000000000000348
45,1908.0,0.005,0.9983,0.0017000000000000348
45,1909.0,0.0067,0.9981,0.0019000000000000128
45,1910.0,0.0044,0.9985,0.0014999999999999458
45,1911.0,0.0056,0.9982,0.0018000000000000238
45,1912.0,0.0046,0.9985,0.0014999999999999458
45,1913.0,0.0056,0.9983,0.0017000000000000348
45,1914.0,0.0048,0.9986,0.0013999999999999568
45,1915.0,0.0042,0.9988,0.0011999999999999789
45,1916.0,0.005,0.9986,0.0013999999999999568
45,1917.0,0.005,0.9983,0.0017000000000000348
45,1918.0,0.0049,0.9986,0.0013999999999999568
45,1919.0,0.0047,0.9986,0.0013999999999999568
45,1920.0,0.0055,0.9983,0.0017000000000000348
45,1921.0,0.0064,0.9981,0.0019000000000000128
45,1922.0,0.0065,0.9981,0.0019000000000000128
45,1923.0,0.006,0.9981,0.0019000000000000128
45,1924.0,0.0042,0.9986,0.0013999999999999568
45,1925.0,0.0052,0.9983,0.0017000000000000348
45,1926.0,0.0052,0.9982,0.0018000000000000238
45,1927.0,0.0051,0.9984,0.0016000000000000458
45,1928.0,0.005,0.9983,0.0017000000000000348
45,1929.0,0.0038,0.9988,0.0011999999999999789
45,1930.0,0.0046,0.9985,0.0014999999999999458
45,1931.0,0.0051,0.9984,0.0016000000000000458
45,1932.0,0.0052,0.9983,0.0017000000000000348
45,1933.0,0.0057,0.9982,0.0018000000000000238
45,1934.0,0.0055,0.9981,0.0019000000000000128
45,1935.0,0.0058,0.9982,0.0018000000000000238
45,1936.0,0.0043,0.9987,0.0012999999999999678
45,1937.0,0.0045,0.9985,0.0014999999999999458
45,1938.0,0.0051,0.9983,0.0017000000000000348
45,1939.0,0.006,0.9981,0.0019000000000000128
45,1940.0,0.0048,0.9983,0.0017000000000000348
45,1941.0,0.0043,0.9986,0.0013999999999999568
45,1942.0,0.0046,0.9985,0.0014999999999999458
45,1943.0,0.0036,0.9989,0.0010999999999999899
45,1944.0,0.0056,0.9984,0.0016000000000000458
45,1945.0,0.0051,0.9986,0.0013999999999999568
45,1946.0,0.0054,0.9982,0.0018000000000000238
45,1947.0,0.0059,0.9984,0.0016000000000000458
45,1948.0,0.0042,0.9986,0.0013999999999999568
45,1949.0,0.0043,0.9988,0.0011999999999999789
45,1950.0,0.0044,0.9984,0.0016000000000000458
45,1951.0,0.004,0.9986,0.0013999999999999568
45,1952.0,0.0064,0.998,0.0020000000000000018
45,1953.0,0.0052,0.9985,0.0014999999999999458
45,1954.0,0.0051,0.9986,0.0013999999999999568
45,1955.0,0.0064,0.9979,0.0020999999999999908
45,1956.0,0.0039,0.9987,0.0012999999999999678
45,1957.0,0.0047,0.9986,0.0013999999999999568
45,1958.0,0.0054,0.9984,0.0016000000000000458
45,1959.0,0.0069,0.9982,0.0018000000000000238
45,1960.0,0.0042,0.9986,0.0013999999999999568
45,1961.0,0.0033,0.9988,0.0011999999999999789
45,1962.0,0.0052,0.9981,0.0019000000000000128
45,1963.0,0.0063,0.9981,0.0019000000000000128
45,1964.0,0.0048,0.9987,0.0012999999999999678
45,1965.0,0.0055,0.9983,0.0017000000000000348
45,1966.0,0.0052,0.9984,0.0016000000000000458
45,1967.0,0.0058,0.998,0.0020000000000000018
45,1968.0,0.0048,0.9985,0.0014999999999999458
45,1969.0,0.0039,0.9988,0.0011999999999999789
45,1970.0,0.0061,0.998,0.0020000000000000018
45,1971.0,0.0074,0.998,0.0020000000000000018
45,1972.0,0.0041,0.9986,0.0013999999999999568
45,1973.0,0.0038,0.9987,0.0012999999999999678
45,1974.0,0.0063,0.9979,0.0020999999999999908
45,1975.0,0.0057,0.9985,0.0014999999999999458
45,1976.0,0.0054,0.9983,0.0017000000000000348
45,1977.0,0.0048,0.9987,0.0012999999999999678
45,1978.0,0.0049,0.9986,0.0013999999999999568
45,1979.0,0.0053,0.9983,0.0017000000000000348
45,1980.0,0.0038,0.9989,0.0010999999999999899
45,1981.0,0.005,0.9985,0.0014999999999999458
45,1982.0,0.004,0.9987,0.0012999999999999678
45,1983.0,0.0049,0.9986,0.0013999999999999568
45,1984.0,0.0043,0.9985,0.0014999999999999458
45,1985.0,0.0052,0.9983,0.0017000000000000348
45,1986.0,0.005,0.9983,0.0017000000000000348
45,1987.0,0.0052,0.9984,0.0016000000000000458
45,1988.0,0.0053,0.9985,0.0014999999999999458
45,1989.0,0.0037,0.9987,0.0012999999999999678
45,1990.0,0.0071,0.9981,0.0019000000000000128
45,1991.0,0.005,0.9983,0.0017000000000000348
45,1992.0,0.0044,0.9987,0.0012999999999999678
45,1993.0,0.0058,0.9984,0.0016000000000000458
45,1994.0,0.0049,0.9985,0.0014999999999999458
45,1995.0,0.0049,0.9984,0.0016000000000000458
45,1996.0,0.0061,0.9982,0.0018000000000000238
45,1997.0,0.0046,0.9983,0.0017000000000000348
45,1998.0,0.006,0.9983,0.0017000000000000348
45,1999.0,0.0055,0.9982,0.0018000000000000238
45,2000.0,0.0038,0.9988,0.0011999999999999789
