"┌────────────────────────────────────────────────────────────────────────────────────────────────────────────────────────────────────────────────┐
│  Modelo: ResNet18 (PreActResNet, k=64)  |  dataset: CIFAR10 | data_augmentation: yes | noise: 0.2 | batch_size: 128 | learning_rate: default | epochs: 2000  │
└────────────────────────────────────────────────────────────────────────────────────────────────────────────────────────────────────────────────┘"

units,epochs,train_loss,train_accuracy,train_error
64,1.0,1.7973,0.3834,0.6166
64,2.0,1.5213,0.518,0.482
64,3.0,1.391,0.5781,0.42190000000000005
64,4.0,1.2947,0.6217,0.37829999999999997
64,5.0,1.2255,0.6523,0.3477
64,6.0,1.1772,0.6732,0.3268
64,7.0,1.1339,0.6902,0.30979999999999996
64,8.0,1.1082,0.7009,0.29910000000000003
64,9.0,1.0731,0.7155,0.2845
64,10.0,1.0533,0.722,0.278
64,11.0,1.0306,0.7299,0.2701
64,12.0,1.0054,0.7407,0.2593
64,13.0,0.9883,0.745,0.255
64,14.0,0.9745,0.7507,0.24929999999999997
64,15.0,0.9532,0.757,0.243
64,16.0,0.9407,0.7612,0.2388
64,17.0,0.9221,0.7687,0.23129999999999995
64,18.0,0.9086,0.7715,0.22850000000000004
64,19.0,0.889,0.7787,0.22130000000000005
64,20.0,0.8769,0.7802,0.2198
64,21.0,0.8646,0.7836,0.21640000000000004
64,22.0,0.8486,0.788,0.21199999999999997
64,23.0,0.8316,0.7935,0.20650000000000002
64,24.0,0.8231,0.7945,0.20550000000000002
64,25.0,0.806,0.8008,0.19920000000000004
64,26.0,0.7878,0.8041,0.19589999999999996
64,27.0,0.7731,0.8069,0.19310000000000005
64,28.0,0.7621,0.8095,0.1905
64,29.0,0.7423,0.8148,0.18520000000000003
64,30.0,0.7303,0.8146,0.1854
64,31.0,0.7182,0.8174,0.18259999999999998
64,32.0,0.7014,0.8215,0.1785
64,33.0,0.6803,0.8268,0.17320000000000002
64,34.0,0.6683,0.8283,0.17169999999999996
64,35.0,0.6511,0.8308,0.16920000000000002
64,36.0,0.6347,0.8336,0.1664
64,37.0,0.6174,0.8384,0.16159999999999997
64,38.0,0.5981,0.8412,0.15880000000000005
64,39.0,0.5902,0.8419,0.15810000000000002
64,40.0,0.5686,0.8462,0.15380000000000005
64,41.0,0.5519,0.8506,0.14939999999999998
64,42.0,0.5374,0.8523,0.14770000000000005
64,43.0,0.5233,0.8548,0.1452
64,44.0,0.5076,0.8581,0.14190000000000003
64,45.0,0.4911,0.8617,0.13829999999999998
64,46.0,0.4771,0.865,0.135
64,47.0,0.4678,0.8653,0.13470000000000004
64,48.0,0.446,0.8696,0.13039999999999996
64,49.0,0.4341,0.8723,0.12770000000000004
64,50.0,0.4184,0.8749,0.1251
64,51.0,0.4046,0.8803,0.11970000000000003
64,52.0,0.3921,0.882,0.118
64,53.0,0.3763,0.8857,0.11429999999999996
64,54.0,0.3645,0.8888,0.11119999999999997
64,55.0,0.353,0.8909,0.10909999999999997
64,56.0,0.343,0.8942,0.1058
64,57.0,0.3243,0.8993,0.10070000000000001
64,58.0,0.3232,0.899,0.10099999999999998
64,59.0,0.3087,0.9018,0.09819999999999995
64,60.0,0.2972,0.9059,0.09409999999999996
64,61.0,0.2873,0.9084,0.09160000000000001
64,62.0,0.2831,0.9096,0.09040000000000004
64,63.0,0.2707,0.9127,0.08730000000000004
64,64.0,0.2587,0.9163,0.0837
64,65.0,0.2557,0.9174,0.0826
64,66.0,0.2501,0.9189,0.08109999999999995
64,67.0,0.2395,0.9219,0.07809999999999995
64,68.0,0.2335,0.9244,0.0756
64,69.0,0.2237,0.9266,0.07340000000000002
64,70.0,0.2199,0.9262,0.07379999999999998
64,71.0,0.2082,0.9317,0.06830000000000003
64,72.0,0.215,0.9299,0.07010000000000005
64,73.0,0.1998,0.9335,0.0665
64,74.0,0.1993,0.9335,0.0665
64,75.0,0.186,0.9387,0.06130000000000002
64,76.0,0.1881,0.9389,0.06110000000000004
64,77.0,0.1797,0.9399,0.06010000000000004
64,78.0,0.1783,0.9396,0.06040000000000001
64,79.0,0.1756,0.9412,0.05879999999999996
64,80.0,0.1602,0.9458,0.054200000000000026
64,81.0,0.1628,0.9455,0.05449999999999999
64,82.0,0.1641,0.9452,0.05479999999999996
64,83.0,0.1602,0.9468,0.053200000000000025
64,84.0,0.1575,0.9484,0.05159999999999998
64,85.0,0.1516,0.9485,0.05149999999999999
64,86.0,0.1463,0.9506,0.0494
64,87.0,0.1454,0.9511,0.048900000000000055
64,88.0,0.1445,0.9513,0.048699999999999966
64,89.0,0.1376,0.9543,0.04569999999999996
64,90.0,0.1358,0.9551,0.04490000000000005
64,91.0,0.1377,0.9545,0.045499999999999985
64,92.0,0.1328,0.9551,0.04490000000000005
64,93.0,0.1319,0.9557,0.044300000000000006
64,94.0,0.1308,0.9566,0.043399999999999994
64,95.0,0.1231,0.9587,0.0413
64,96.0,0.122,0.9594,0.04059999999999997
64,97.0,0.1201,0.9594,0.04059999999999997
64,98.0,0.1207,0.96,0.040000000000000036
64,99.0,0.113,0.9618,0.03820000000000001
64,100.0,0.1204,0.9598,0.040200000000000014
64,101.0,0.1173,0.961,0.039000000000000035
64,102.0,0.1093,0.9632,0.036800000000000055
64,103.0,0.1159,0.9611,0.038900000000000046
64,104.0,0.1089,0.9637,0.0363
64,105.0,0.1099,0.9635,0.03649999999999998
64,106.0,0.1105,0.9631,0.036900000000000044
64,107.0,0.1054,0.9654,0.034599999999999964
64,108.0,0.0991,0.9666,0.033399999999999985
64,109.0,0.1031,0.9654,0.034599999999999964
64,110.0,0.1096,0.964,0.03600000000000003
64,111.0,0.0935,0.9693,0.03069999999999995
64,112.0,0.1017,0.9662,0.03380000000000005
64,113.0,0.0981,0.9671,0.03290000000000004
64,114.0,0.0908,0.9698,0.030200000000000005
64,115.0,0.095,0.9687,0.031299999999999994
64,116.0,0.0987,0.9676,0.032399999999999984
64,117.0,0.0951,0.9681,0.03190000000000004
64,118.0,0.0908,0.9693,0.03069999999999995
64,119.0,0.0816,0.9727,0.02729999999999999
64,120.0,0.0912,0.9698,0.030200000000000005
64,121.0,0.089,0.9703,0.02969999999999995
64,122.0,0.0935,0.9689,0.031100000000000017
64,123.0,0.0821,0.9728,0.027200000000000002
64,124.0,0.083,0.9731,0.026900000000000035
64,125.0,0.0861,0.9711,0.028900000000000037
64,126.0,0.0855,0.9725,0.02749999999999997
64,127.0,0.0815,0.9726,0.02739999999999998
64,128.0,0.0778,0.9735,0.026499999999999968
64,129.0,0.08,0.9735,0.026499999999999968
64,130.0,0.0823,0.9726,0.02739999999999998
64,131.0,0.0767,0.9745,0.025499999999999967
64,132.0,0.0906,0.9696,0.030399999999999983
64,133.0,0.0785,0.974,0.026000000000000023
64,134.0,0.0741,0.9753,0.024700000000000055
64,135.0,0.0717,0.9761,0.023900000000000032
64,136.0,0.0797,0.9738,0.0262
64,137.0,0.0761,0.9745,0.025499999999999967
64,138.0,0.0717,0.976,0.02400000000000002
64,139.0,0.0757,0.9746,0.025399999999999978
64,140.0,0.0751,0.9747,0.02529999999999999
64,141.0,0.0685,0.977,0.02300000000000002
64,142.0,0.0701,0.9765,0.023499999999999965
64,143.0,0.0783,0.9733,0.026699999999999946
64,144.0,0.0704,0.9768,0.0232
64,145.0,0.066,0.9783,0.021700000000000053
64,146.0,0.0716,0.9758,0.0242
64,147.0,0.0691,0.9762,0.023800000000000043
64,148.0,0.0685,0.977,0.02300000000000002
64,149.0,0.0675,0.9777,0.022299999999999986
64,150.0,0.0636,0.9784,0.021599999999999953
64,151.0,0.0685,0.9778,0.022199999999999998
64,152.0,0.0648,0.9785,0.021499999999999964
64,153.0,0.0698,0.9768,0.0232
64,154.0,0.0592,0.9798,0.020199999999999996
64,155.0,0.0637,0.9786,0.021399999999999975
64,156.0,0.0675,0.9786,0.021399999999999975
64,157.0,0.0601,0.9799,0.020100000000000007
64,158.0,0.0613,0.9798,0.020199999999999996
64,159.0,0.0616,0.9802,0.01980000000000004
64,160.0,0.0604,0.98,0.020000000000000018
64,161.0,0.0646,0.9788,0.021199999999999997
64,162.0,0.0604,0.98,0.020000000000000018
64,163.0,0.0583,0.9813,0.01870000000000005
64,164.0,0.0634,0.9792,0.02080000000000004
64,165.0,0.0599,0.9806,0.019399999999999973
64,166.0,0.0565,0.9813,0.01870000000000005
64,167.0,0.054,0.9824,0.01759999999999995
64,168.0,0.0609,0.9797,0.020299999999999985
64,169.0,0.0527,0.9829,0.017100000000000004
64,170.0,0.0598,0.9794,0.02059999999999995
64,171.0,0.0617,0.9793,0.02070000000000005
64,172.0,0.055,0.9818,0.018199999999999994
64,173.0,0.0487,0.9841,0.015900000000000025
64,174.0,0.0556,0.9818,0.018199999999999994
64,175.0,0.0571,0.9812,0.01880000000000004
64,176.0,0.0553,0.981,0.019000000000000017
64,177.0,0.058,0.9808,0.019199999999999995
64,178.0,0.051,0.9831,0.016900000000000026
64,179.0,0.054,0.9816,0.018399999999999972
64,180.0,0.0553,0.9817,0.018299999999999983
64,181.0,0.0526,0.9837,0.01629999999999998
64,182.0,0.0563,0.9817,0.018299999999999983
64,183.0,0.0525,0.9825,0.01749999999999996
64,184.0,0.0444,0.9856,0.014399999999999968
64,185.0,0.0565,0.9814,0.01859999999999995
64,186.0,0.0496,0.9829,0.017100000000000004
64,187.0,0.0524,0.9826,0.01739999999999997
64,188.0,0.0553,0.9812,0.01880000000000004
64,189.0,0.0469,0.9849,0.015100000000000002
64,190.0,0.0418,0.9857,0.01429999999999998
64,191.0,0.0518,0.9826,0.01739999999999997
64,192.0,0.0543,0.9821,0.017900000000000027
64,193.0,0.0473,0.9842,0.015800000000000036
64,194.0,0.046,0.9844,0.015599999999999947
64,195.0,0.0447,0.9852,0.014800000000000035
64,196.0,0.0527,0.9821,0.017900000000000027
64,197.0,0.0533,0.9823,0.01770000000000005
64,198.0,0.0446,0.9852,0.014800000000000035
64,199.0,0.0429,0.9852,0.014800000000000035
64,200.0,0.0505,0.9834,0.016599999999999948
64,201.0,0.041,0.9863,0.013700000000000045
64,202.0,0.0469,0.9845,0.015499999999999958
64,203.0,0.0486,0.9842,0.015800000000000036
64,204.0,0.0444,0.9852,0.014800000000000035
64,205.0,0.0521,0.9821,0.017900000000000027
64,206.0,0.0443,0.9857,0.01429999999999998
64,207.0,0.0458,0.9849,0.015100000000000002
64,208.0,0.0404,0.9866,0.013399999999999967
64,209.0,0.0392,0.9869,0.0131
64,210.0,0.051,0.9834,0.016599999999999948
64,211.0,0.0426,0.986,0.014000000000000012
64,212.0,0.0444,0.9851,0.014900000000000024
64,213.0,0.0413,0.9862,0.013800000000000034
64,214.0,0.0412,0.9865,0.013499999999999956
64,215.0,0.0488,0.9836,0.01639999999999997
64,216.0,0.0409,0.9862,0.013800000000000034
64,217.0,0.0402,0.9863,0.013700000000000045
64,218.0,0.0397,0.9873,0.012700000000000045
64,219.0,0.0421,0.986,0.014000000000000012
64,220.0,0.0443,0.9853,0.014700000000000046
64,221.0,0.0401,0.9864,0.013599999999999945
64,222.0,0.037,0.9876,0.012399999999999967
64,223.0,0.0474,0.9847,0.01529999999999998
64,224.0,0.0423,0.9855,0.014499999999999957
64,225.0,0.0374,0.9876,0.012399999999999967
64,226.0,0.0421,0.9855,0.014499999999999957
64,227.0,0.0386,0.9874,0.012599999999999945
64,228.0,0.0418,0.9861,0.013900000000000023
64,229.0,0.038,0.987,0.013000000000000012
64,230.0,0.035,0.9887,0.011299999999999977
64,231.0,0.0456,0.9848,0.015199999999999991
64,232.0,0.036,0.9879,0.0121
64,233.0,0.035,0.9879,0.0121
64,234.0,0.0418,0.9857,0.01429999999999998
64,235.0,0.038,0.9879,0.0121
64,236.0,0.0394,0.987,0.013000000000000012
64,237.0,0.0378,0.9879,0.0121
64,238.0,0.038,0.9873,0.012700000000000045
64,239.0,0.038,0.9872,0.012800000000000034
64,240.0,0.0368,0.9879,0.0121
64,241.0,0.0409,0.9859,0.014100000000000001
64,242.0,0.0378,0.9878,0.012199999999999989
64,243.0,0.0366,0.9881,0.011900000000000022
64,244.0,0.0366,0.9881,0.011900000000000022
64,245.0,0.0369,0.9871,0.012900000000000023
64,246.0,0.0368,0.9878,0.012199999999999989
64,247.0,0.0343,0.9887,0.011299999999999977
64,248.0,0.0367,0.9875,0.012499999999999956
64,249.0,0.0399,0.9863,0.013700000000000045
64,250.0,0.0373,0.9878,0.012199999999999989
64,251.0,0.0299,0.9895,0.010499999999999954
64,252.0,0.0324,0.9892,0.010800000000000032
64,253.0,0.045,0.9843,0.015700000000000047
64,254.0,0.0333,0.9895,0.010499999999999954
64,255.0,0.0272,0.9906,0.009399999999999964
64,256.0,0.038,0.9873,0.012700000000000045
64,257.0,0.0348,0.9884,0.011600000000000055
64,258.0,0.0361,0.9876,0.012399999999999967
64,259.0,0.0377,0.9874,0.012599999999999945
64,260.0,0.0297,0.9903,0.009700000000000042
64,261.0,0.0342,0.9886,0.011399999999999966
64,262.0,0.035,0.9883,0.011700000000000044
64,263.0,0.0324,0.9891,0.01090000000000002
64,264.0,0.0354,0.9887,0.011299999999999977
64,265.0,0.035,0.9878,0.012199999999999989
64,266.0,0.0322,0.9894,0.010600000000000054
64,267.0,0.0338,0.989,0.01100000000000001
64,268.0,0.0313,0.9896,0.010399999999999965
64,269.0,0.0348,0.9885,0.011499999999999955
64,270.0,0.0312,0.9897,0.010299999999999976
64,271.0,0.033,0.9892,0.010800000000000032
64,272.0,0.0357,0.9879,0.0121
64,273.0,0.0288,0.9904,0.009600000000000053
64,274.0,0.0336,0.9884,0.011600000000000055
64,275.0,0.0329,0.9893,0.010700000000000043
64,276.0,0.0301,0.9898,0.010199999999999987
64,277.0,0.0331,0.9895,0.010499999999999954
64,278.0,0.0311,0.9898,0.010199999999999987
64,279.0,0.0332,0.9886,0.011399999999999966
64,280.0,0.0291,0.9903,0.009700000000000042
64,281.0,0.0293,0.9901,0.00990000000000002
64,282.0,0.0304,0.99,0.010000000000000009
64,283.0,0.031,0.9899,0.010099999999999998
64,284.0,0.0334,0.9895,0.010499999999999954
64,285.0,0.0326,0.9895,0.010499999999999954
64,286.0,0.0332,0.9892,0.010800000000000032
64,287.0,0.024,0.9918,0.008199999999999985
64,288.0,0.0318,0.9895,0.010499999999999954
64,289.0,0.0309,0.99,0.010000000000000009
64,290.0,0.0313,0.9895,0.010499999999999954
64,291.0,0.0323,0.9893,0.010700000000000043
64,292.0,0.0319,0.9894,0.010600000000000054
64,293.0,0.0307,0.9903,0.009700000000000042
64,294.0,0.0285,0.9909,0.009099999999999997
64,295.0,0.0244,0.992,0.008000000000000007
64,296.0,0.0338,0.989,0.01100000000000001
64,297.0,0.0273,0.9913,0.008700000000000041
64,298.0,0.0297,0.9903,0.009700000000000042
64,299.0,0.0287,0.9904,0.009600000000000053
64,300.0,0.0268,0.9909,0.009099999999999997
64,301.0,0.0303,0.9905,0.009499999999999953
64,302.0,0.0246,0.9922,0.007800000000000029
64,303.0,0.0319,0.9894,0.010600000000000054
64,304.0,0.0275,0.991,0.009000000000000008
64,305.0,0.026,0.9914,0.008600000000000052
64,306.0,0.0297,0.9904,0.009600000000000053
64,307.0,0.0254,0.9915,0.008499999999999952
64,308.0,0.0324,0.9891,0.01090000000000002
64,309.0,0.0276,0.991,0.009000000000000008
64,310.0,0.028,0.9909,0.009099999999999997
64,311.0,0.0262,0.9919,0.008099999999999996
64,312.0,0.0253,0.9916,0.008399999999999963
64,313.0,0.0353,0.9886,0.011399999999999966
64,314.0,0.0245,0.9922,0.007800000000000029
64,315.0,0.0283,0.991,0.009000000000000008
64,316.0,0.0268,0.9913,0.008700000000000041
64,317.0,0.0242,0.9922,0.007800000000000029
64,318.0,0.0291,0.9894,0.010600000000000054
64,319.0,0.0275,0.9911,0.008900000000000019
64,320.0,0.0224,0.9923,0.00770000000000004
64,321.0,0.0216,0.993,0.007000000000000006
64,322.0,0.0327,0.9891,0.01090000000000002
64,323.0,0.0271,0.991,0.009000000000000008
64,324.0,0.0226,0.9924,0.007600000000000051
64,325.0,0.0265,0.9915,0.008499999999999952
64,326.0,0.0297,0.9906,0.009399999999999964
64,327.0,0.0261,0.991,0.009000000000000008
64,328.0,0.0278,0.9909,0.009099999999999997
64,329.0,0.0255,0.9913,0.008700000000000041
64,330.0,0.0247,0.9917,0.008299999999999974
64,331.0,0.0302,0.9897,0.010299999999999976
64,332.0,0.0197,0.9933,0.006700000000000039
64,333.0,0.0225,0.9925,0.007499999999999951
64,334.0,0.024,0.9925,0.007499999999999951
64,335.0,0.0265,0.9912,0.00880000000000003
64,336.0,0.0315,0.9895,0.010499999999999954
64,337.0,0.0281,0.9909,0.009099999999999997
64,338.0,0.0215,0.993,0.007000000000000006
64,339.0,0.0251,0.9923,0.00770000000000004
64,340.0,0.0234,0.9925,0.007499999999999951
64,341.0,0.0229,0.992,0.008000000000000007
64,342.0,0.0266,0.9914,0.008600000000000052
64,343.0,0.03,0.9905,0.009499999999999953
64,344.0,0.0198,0.9933,0.006700000000000039
64,345.0,0.0228,0.9923,0.00770000000000004
64,346.0,0.0273,0.9912,0.00880000000000003
64,347.0,0.0239,0.9921,0.007900000000000018
64,348.0,0.0241,0.9922,0.007800000000000029
64,349.0,0.0269,0.9912,0.00880000000000003
64,350.0,0.0236,0.992,0.008000000000000007
64,351.0,0.0244,0.992,0.008000000000000007
64,352.0,0.0218,0.9927,0.007299999999999973
64,353.0,0.0226,0.9927,0.007299999999999973
64,354.0,0.0236,0.9919,0.008099999999999996
64,355.0,0.0259,0.9917,0.008299999999999974
64,356.0,0.0238,0.9923,0.00770000000000004
64,357.0,0.024,0.992,0.008000000000000007
64,358.0,0.0201,0.9935,0.00649999999999995
64,359.0,0.024,0.9921,0.007900000000000018
64,360.0,0.0219,0.9926,0.007399999999999962
64,361.0,0.024,0.9925,0.007499999999999951
64,362.0,0.0239,0.9924,0.007600000000000051
64,363.0,0.0234,0.9925,0.007499999999999951
64,364.0,0.0233,0.9923,0.00770000000000004
64,365.0,0.0258,0.9915,0.008499999999999952
64,366.0,0.0186,0.9935,0.00649999999999995
64,367.0,0.025,0.9917,0.008299999999999974
64,368.0,0.0268,0.9915,0.008499999999999952
64,369.0,0.0201,0.9931,0.006900000000000017
64,370.0,0.0198,0.9934,0.00660000000000005
64,371.0,0.0258,0.9911,0.008900000000000019
64,372.0,0.0243,0.9921,0.007900000000000018
64,373.0,0.0223,0.9923,0.00770000000000004
64,374.0,0.0204,0.9935,0.00649999999999995
64,375.0,0.0211,0.9932,0.006800000000000028
64,376.0,0.0249,0.9922,0.007800000000000029
64,377.0,0.0185,0.9939,0.006099999999999994
64,378.0,0.0223,0.9931,0.006900000000000017
64,379.0,0.0253,0.9915,0.008499999999999952
64,380.0,0.0248,0.9919,0.008099999999999996
64,381.0,0.02,0.9933,0.006700000000000039
64,382.0,0.0215,0.9931,0.006900000000000017
64,383.0,0.0233,0.9925,0.007499999999999951
64,384.0,0.0192,0.9937,0.006299999999999972
64,385.0,0.0208,0.9928,0.007199999999999984
64,386.0,0.0225,0.9926,0.007399999999999962
64,387.0,0.0214,0.9928,0.007199999999999984
64,388.0,0.026,0.9914,0.008600000000000052
64,389.0,0.0192,0.9936,0.006399999999999961
64,390.0,0.0189,0.9936,0.006399999999999961
64,391.0,0.0181,0.9938,0.006199999999999983
64,392.0,0.0247,0.9918,0.008199999999999985
64,393.0,0.0238,0.9922,0.007800000000000029
64,394.0,0.0217,0.9926,0.007399999999999962
64,395.0,0.0196,0.9935,0.00649999999999995
64,396.0,0.0236,0.9918,0.008199999999999985
64,397.0,0.0219,0.9928,0.007199999999999984
64,398.0,0.0203,0.9937,0.006299999999999972
64,399.0,0.0182,0.994,0.006000000000000005
64,400.0,0.0213,0.9929,0.007099999999999995
64,401.0,0.021,0.9933,0.006700000000000039
64,402.0,0.0218,0.993,0.007000000000000006
64,403.0,0.0204,0.9931,0.006900000000000017
64,404.0,0.0209,0.9928,0.007199999999999984
64,405.0,0.0209,0.9931,0.006900000000000017
64,406.0,0.0206,0.9934,0.00660000000000005
64,407.0,0.0211,0.9935,0.00649999999999995
64,408.0,0.0173,0.9945,0.005499999999999949
64,409.0,0.0181,0.9938,0.006199999999999983
64,410.0,0.0185,0.9937,0.006299999999999972
64,411.0,0.0233,0.9924,0.007600000000000051
64,412.0,0.0207,0.9931,0.006900000000000017
64,413.0,0.0228,0.9925,0.007499999999999951
64,414.0,0.0207,0.9928,0.007199999999999984
64,415.0,0.0194,0.9935,0.00649999999999995
64,416.0,0.0204,0.9936,0.006399999999999961
64,417.0,0.0169,0.9946,0.00539999999999996
64,418.0,0.0206,0.9932,0.006800000000000028
64,419.0,0.0183,0.9932,0.006800000000000028
64,420.0,0.0177,0.9941,0.005900000000000016
64,421.0,0.0222,0.9927,0.007299999999999973
64,422.0,0.0176,0.994,0.006000000000000005
64,423.0,0.021,0.9932,0.006800000000000028
64,424.0,0.0202,0.9934,0.00660000000000005
64,425.0,0.0202,0.9937,0.006299999999999972
64,426.0,0.0205,0.9933,0.006700000000000039
64,427.0,0.0198,0.9937,0.006299999999999972
64,428.0,0.0165,0.9942,0.005800000000000027
64,429.0,0.02,0.9935,0.00649999999999995
64,430.0,0.0166,0.9945,0.005499999999999949
64,431.0,0.0188,0.9941,0.005900000000000016
64,432.0,0.0187,0.9939,0.006099999999999994
64,433.0,0.0225,0.9924,0.007600000000000051
64,434.0,0.0181,0.9939,0.006099999999999994
64,435.0,0.0197,0.9936,0.006399999999999961
64,436.0,0.0179,0.9943,0.005700000000000038
64,437.0,0.017,0.9944,0.005600000000000049
64,438.0,0.0177,0.9934,0.00660000000000005
64,439.0,0.0181,0.9944,0.005600000000000049
64,440.0,0.0203,0.9935,0.00649999999999995
64,441.0,0.0199,0.9932,0.006800000000000028
64,442.0,0.0204,0.9934,0.00660000000000005
64,443.0,0.0193,0.9939,0.006099999999999994
64,444.0,0.0182,0.9939,0.006099999999999994
64,445.0,0.0179,0.994,0.006000000000000005
64,446.0,0.0168,0.9942,0.005800000000000027
64,447.0,0.0229,0.9928,0.007199999999999984
64,448.0,0.0167,0.9944,0.005600000000000049
64,449.0,0.0179,0.9944,0.005600000000000049
64,450.0,0.0166,0.9941,0.005900000000000016
64,451.0,0.0178,0.994,0.006000000000000005
64,452.0,0.0168,0.9945,0.005499999999999949
64,453.0,0.0155,0.9947,0.005299999999999971
64,454.0,0.0208,0.9932,0.006800000000000028
64,455.0,0.0201,0.9934,0.00660000000000005
64,456.0,0.0161,0.9948,0.005199999999999982
64,457.0,0.0164,0.9944,0.005600000000000049
64,458.0,0.0212,0.9931,0.006900000000000017
64,459.0,0.0159,0.995,0.0050000000000000044
64,460.0,0.0154,0.9946,0.00539999999999996
64,461.0,0.0185,0.994,0.006000000000000005
64,462.0,0.0182,0.994,0.006000000000000005
64,463.0,0.0163,0.9948,0.005199999999999982
64,464.0,0.0195,0.9936,0.006399999999999961
64,465.0,0.0186,0.994,0.006000000000000005
64,466.0,0.0176,0.9942,0.005800000000000027
64,467.0,0.0155,0.9949,0.005099999999999993
64,468.0,0.0173,0.9944,0.005600000000000049
64,469.0,0.0194,0.9935,0.00649999999999995
64,470.0,0.0145,0.9952,0.0048000000000000265
64,471.0,0.0141,0.9957,0.0042999999999999705
64,472.0,0.0197,0.9938,0.006199999999999983
64,473.0,0.0173,0.9943,0.005700000000000038
64,474.0,0.0148,0.9952,0.0048000000000000265
64,475.0,0.0178,0.9938,0.006199999999999983
64,476.0,0.0185,0.994,0.006000000000000005
64,477.0,0.0177,0.9941,0.005900000000000016
64,478.0,0.0137,0.9956,0.0043999999999999595
64,479.0,0.0167,0.9949,0.005099999999999993
64,480.0,0.0187,0.9938,0.006199999999999983
64,481.0,0.0157,0.9947,0.005299999999999971
64,482.0,0.0156,0.9955,0.0044999999999999485
64,483.0,0.0129,0.9959,0.0040999999999999925
64,484.0,0.0172,0.9945,0.005499999999999949
64,485.0,0.0204,0.9936,0.006399999999999961
64,486.0,0.0216,0.9935,0.00649999999999995
64,487.0,0.0153,0.9951,0.0049000000000000155
64,488.0,0.0145,0.9953,0.0047000000000000375
64,489.0,0.0167,0.9942,0.005800000000000027
64,490.0,0.0187,0.9941,0.005900000000000016
64,491.0,0.0139,0.9959,0.0040999999999999925
64,492.0,0.0156,0.9955,0.0044999999999999485
64,493.0,0.0162,0.9946,0.00539999999999996
64,494.0,0.0167,0.9949,0.005099999999999993
64,495.0,0.0185,0.9937,0.006299999999999972
64,496.0,0.0201,0.9932,0.006800000000000028
64,497.0,0.0139,0.9953,0.0047000000000000375
64,498.0,0.0151,0.9948,0.005199999999999982
64,499.0,0.0176,0.9944,0.005600000000000049
64,500.0,0.0148,0.9953,0.0047000000000000375
64,501.0,0.013,0.996,0.0040000000000000036
64,502.0,0.016,0.9947,0.005299999999999971
64,503.0,0.0156,0.9947,0.005299999999999971
64,504.0,0.0162,0.9946,0.00539999999999996
64,505.0,0.0165,0.9946,0.00539999999999996
64,506.0,0.016,0.9946,0.00539999999999996
64,507.0,0.0183,0.9941,0.005900000000000016
64,508.0,0.0168,0.9946,0.00539999999999996
64,509.0,0.0178,0.9945,0.005499999999999949
64,510.0,0.0143,0.9951,0.0049000000000000155
64,511.0,0.0141,0.9956,0.0043999999999999595
64,512.0,0.0142,0.9954,0.0046000000000000485
64,513.0,0.0164,0.9953,0.0047000000000000375
64,514.0,0.0163,0.9946,0.00539999999999996
64,515.0,0.0163,0.9944,0.005600000000000049
64,516.0,0.0147,0.9951,0.0049000000000000155
64,517.0,0.0144,0.9949,0.005099999999999993
64,518.0,0.0147,0.995,0.0050000000000000044
64,519.0,0.0171,0.9941,0.005900000000000016
64,520.0,0.0151,0.9953,0.0047000000000000375
64,521.0,0.0125,0.9961,0.0039000000000000146
64,522.0,0.0172,0.9946,0.00539999999999996
64,523.0,0.0149,0.9951,0.0049000000000000155
64,524.0,0.0142,0.9952,0.0048000000000000265
64,525.0,0.0188,0.9943,0.005700000000000038
64,526.0,0.0149,0.9952,0.0048000000000000265
64,527.0,0.0172,0.9941,0.005900000000000016
64,528.0,0.0126,0.996,0.0040000000000000036
64,529.0,0.0145,0.9951,0.0049000000000000155
64,530.0,0.0157,0.9949,0.005099999999999993
64,531.0,0.0163,0.9949,0.005099999999999993
64,532.0,0.0167,0.995,0.0050000000000000044
64,533.0,0.0161,0.9947,0.005299999999999971
64,534.0,0.0151,0.9951,0.0049000000000000155
64,535.0,0.0151,0.9948,0.005199999999999982
64,536.0,0.0114,0.9962,0.0038000000000000256
64,537.0,0.0132,0.9957,0.0042999999999999705
64,538.0,0.0138,0.9956,0.0043999999999999595
64,539.0,0.0171,0.994,0.006000000000000005
64,540.0,0.0141,0.9954,0.0046000000000000485
64,541.0,0.0149,0.9953,0.0047000000000000375
64,542.0,0.0161,0.9945,0.005499999999999949
64,543.0,0.0154,0.9948,0.005199999999999982
64,544.0,0.0154,0.9951,0.0049000000000000155
64,545.0,0.0145,0.9956,0.0043999999999999595
64,546.0,0.0111,0.9966,0.0033999999999999586
64,547.0,0.0139,0.9956,0.0043999999999999595
64,548.0,0.0176,0.9942,0.005800000000000027
64,549.0,0.0154,0.9948,0.005199999999999982
64,550.0,0.0121,0.996,0.0040000000000000036
64,551.0,0.0158,0.9947,0.005299999999999971
64,552.0,0.0134,0.9957,0.0042999999999999705
64,553.0,0.0152,0.9953,0.0047000000000000375
64,554.0,0.0133,0.9956,0.0043999999999999595
64,555.0,0.0134,0.9957,0.0042999999999999705
64,556.0,0.0125,0.9959,0.0040999999999999925
64,557.0,0.0123,0.9962,0.0038000000000000256
64,558.0,0.0179,0.9941,0.005900000000000016
64,559.0,0.0168,0.9944,0.005600000000000049
64,560.0,0.0123,0.9958,0.0041999999999999815
64,561.0,0.0118,0.9962,0.0038000000000000256
64,562.0,0.011,0.9964,0.0036000000000000476
64,563.0,0.0151,0.995,0.0050000000000000044
64,564.0,0.0175,0.994,0.006000000000000005
64,565.0,0.0182,0.994,0.006000000000000005
64,566.0,0.0147,0.9954,0.0046000000000000485
64,567.0,0.009,0.9971,0.0029000000000000137
64,568.0,0.0129,0.9959,0.0040999999999999925
64,569.0,0.0155,0.9951,0.0049000000000000155
64,570.0,0.0147,0.9955,0.0044999999999999485
64,571.0,0.0132,0.9957,0.0042999999999999705
64,572.0,0.0185,0.994,0.006000000000000005
64,573.0,0.0127,0.9961,0.0039000000000000146
64,574.0,0.0131,0.9958,0.0041999999999999815
64,575.0,0.0131,0.9959,0.0040999999999999925
64,576.0,0.0126,0.9958,0.0041999999999999815
64,577.0,0.0135,0.9956,0.0043999999999999595
64,578.0,0.0186,0.9942,0.005800000000000027
64,579.0,0.0114,0.9961,0.0039000000000000146
64,580.0,0.0111,0.9961,0.0039000000000000146
64,581.0,0.0118,0.9959,0.0040999999999999925
64,582.0,0.0148,0.9953,0.0047000000000000375
64,583.0,0.0136,0.995,0.0050000000000000044
64,584.0,0.0166,0.9949,0.005099999999999993
64,585.0,0.0136,0.9955,0.0044999999999999485
64,586.0,0.0122,0.9961,0.0039000000000000146
64,587.0,0.0123,0.9962,0.0038000000000000256
64,588.0,0.0128,0.9956,0.0043999999999999595
64,589.0,0.015,0.9957,0.0042999999999999705
64,590.0,0.0109,0.9969,0.0030999999999999917
64,591.0,0.0151,0.9951,0.0049000000000000155
64,592.0,0.0134,0.9956,0.0043999999999999595
64,593.0,0.0168,0.9947,0.005299999999999971
64,594.0,0.0149,0.9948,0.005199999999999982
64,595.0,0.0167,0.9947,0.005299999999999971
64,596.0,0.0106,0.9966,0.0033999999999999586
64,597.0,0.0134,0.9959,0.0040999999999999925
64,598.0,0.0099,0.9968,0.0031999999999999806
64,599.0,0.014,0.9954,0.0046000000000000485
64,600.0,0.0152,0.995,0.0050000000000000044
64,601.0,0.0147,0.995,0.0050000000000000044
64,602.0,0.0116,0.9961,0.0039000000000000146
64,603.0,0.0119,0.9963,0.0037000000000000366
64,604.0,0.0158,0.9951,0.0049000000000000155
64,605.0,0.0106,0.9964,0.0036000000000000476
64,606.0,0.0127,0.996,0.0040000000000000036
64,607.0,0.013,0.9955,0.0044999999999999485
64,608.0,0.0129,0.996,0.0040000000000000036
64,609.0,0.0124,0.9958,0.0041999999999999815
64,610.0,0.0105,0.9965,0.0034999999999999476
64,611.0,0.0135,0.9954,0.0046000000000000485
64,612.0,0.0118,0.9964,0.0036000000000000476
64,613.0,0.0152,0.9954,0.0046000000000000485
64,614.0,0.0122,0.9961,0.0039000000000000146
64,615.0,0.0159,0.9949,0.005099999999999993
64,616.0,0.0111,0.9962,0.0038000000000000256
64,617.0,0.011,0.9962,0.0038000000000000256
64,618.0,0.0139,0.9956,0.0043999999999999595
64,619.0,0.0117,0.9961,0.0039000000000000146
64,620.0,0.0099,0.9967,0.0032999999999999696
64,621.0,0.0148,0.9954,0.0046000000000000485
64,622.0,0.0139,0.9955,0.0044999999999999485
64,623.0,0.0127,0.9956,0.0043999999999999595
64,624.0,0.012,0.9959,0.0040999999999999925
64,625.0,0.0125,0.9956,0.0043999999999999595
64,626.0,0.0098,0.9968,0.0031999999999999806
64,627.0,0.0158,0.9945,0.005499999999999949
64,628.0,0.0138,0.9954,0.0046000000000000485
64,629.0,0.0107,0.9967,0.0032999999999999696
64,630.0,0.0121,0.9961,0.0039000000000000146
64,631.0,0.0087,0.997,0.0030000000000000027
64,632.0,0.0143,0.9955,0.0044999999999999485
64,633.0,0.013,0.9957,0.0042999999999999705
64,634.0,0.0127,0.996,0.0040000000000000036
64,635.0,0.0131,0.996,0.0040000000000000036
64,636.0,0.0147,0.995,0.0050000000000000044
64,637.0,0.0125,0.9959,0.0040999999999999925
64,638.0,0.0137,0.9957,0.0042999999999999705
64,639.0,0.0115,0.996,0.0040000000000000036
64,640.0,0.0098,0.9968,0.0031999999999999806
64,641.0,0.012,0.9957,0.0042999999999999705
64,642.0,0.0123,0.9961,0.0039000000000000146
64,643.0,0.0111,0.9962,0.0038000000000000256
64,644.0,0.015,0.9951,0.0049000000000000155
64,645.0,0.0107,0.9968,0.0031999999999999806
64,646.0,0.0086,0.9973,0.0027000000000000357
64,647.0,0.013,0.9956,0.0043999999999999595
64,648.0,0.011,0.9963,0.0037000000000000366
64,649.0,0.0116,0.996,0.0040000000000000036
64,650.0,0.0136,0.9958,0.0041999999999999815
64,651.0,0.0134,0.9957,0.0042999999999999705
64,652.0,0.0131,0.9955,0.0044999999999999485
64,653.0,0.0119,0.996,0.0040000000000000036
64,654.0,0.0102,0.9967,0.0032999999999999696
64,655.0,0.0111,0.9961,0.0039000000000000146
64,656.0,0.0092,0.9969,0.0030999999999999917
64,657.0,0.0172,0.9949,0.005099999999999993
64,658.0,0.0117,0.996,0.0040000000000000036
64,659.0,0.0122,0.9958,0.0041999999999999815
64,660.0,0.0118,0.996,0.0040000000000000036
64,661.0,0.0122,0.996,0.0040000000000000036
64,662.0,0.0106,0.9966,0.0033999999999999586
64,663.0,0.0112,0.9964,0.0036000000000000476
64,664.0,0.0101,0.9969,0.0030999999999999917
64,665.0,0.0123,0.9963,0.0037000000000000366
64,666.0,0.012,0.996,0.0040000000000000036
64,667.0,0.0122,0.9958,0.0041999999999999815
64,668.0,0.0117,0.9962,0.0038000000000000256
64,669.0,0.013,0.9957,0.0042999999999999705
64,670.0,0.0116,0.9963,0.0037000000000000366
64,671.0,0.01,0.9968,0.0031999999999999806
64,672.0,0.012,0.996,0.0040000000000000036
64,673.0,0.0109,0.9964,0.0036000000000000476
64,674.0,0.01,0.9965,0.0034999999999999476
64,675.0,0.0136,0.9958,0.0041999999999999815
64,676.0,0.0113,0.9963,0.0037000000000000366
64,677.0,0.0111,0.9964,0.0036000000000000476
64,678.0,0.0128,0.9964,0.0036000000000000476
64,679.0,0.0098,0.9968,0.0031999999999999806
64,680.0,0.0095,0.9966,0.0033999999999999586
64,681.0,0.0133,0.9956,0.0043999999999999595
64,682.0,0.012,0.9963,0.0037000000000000366
64,683.0,0.0091,0.9973,0.0027000000000000357
64,684.0,0.009,0.9971,0.0029000000000000137
64,685.0,0.0129,0.996,0.0040000000000000036
64,686.0,0.0121,0.9962,0.0038000000000000256
64,687.0,0.0137,0.9956,0.0043999999999999595
64,688.0,0.0118,0.9962,0.0038000000000000256
64,689.0,0.0121,0.9962,0.0038000000000000256
64,690.0,0.0136,0.9957,0.0042999999999999705
64,691.0,0.0109,0.9965,0.0034999999999999476
64,692.0,0.0106,0.9967,0.0032999999999999696
64,693.0,0.0104,0.9966,0.0033999999999999586
64,694.0,0.0109,0.9967,0.0032999999999999696
64,695.0,0.0135,0.9956,0.0043999999999999595
64,696.0,0.0102,0.9966,0.0033999999999999586
64,697.0,0.0111,0.9963,0.0037000000000000366
64,698.0,0.0133,0.9957,0.0042999999999999705
64,699.0,0.0094,0.9968,0.0031999999999999806
64,700.0,0.0094,0.9971,0.0029000000000000137
64,701.0,0.008,0.9976,0.0023999999999999577
64,702.0,0.014,0.9955,0.0044999999999999485
64,703.0,0.0134,0.9954,0.0046000000000000485
64,704.0,0.0122,0.9961,0.0039000000000000146
64,705.0,0.0081,0.9973,0.0027000000000000357
64,706.0,0.01,0.9965,0.0034999999999999476
64,707.0,0.0154,0.995,0.0050000000000000044
64,708.0,0.009,0.9969,0.0030999999999999917
64,709.0,0.0096,0.9967,0.0032999999999999696
64,710.0,0.0124,0.9958,0.0041999999999999815
64,711.0,0.0124,0.996,0.0040000000000000036
64,712.0,0.0122,0.9962,0.0038000000000000256
64,713.0,0.0086,0.9973,0.0027000000000000357
64,714.0,0.0111,0.9967,0.0032999999999999696
64,715.0,0.0106,0.9967,0.0032999999999999696
64,716.0,0.0111,0.9966,0.0033999999999999586
64,717.0,0.0127,0.9957,0.0042999999999999705
64,718.0,0.0098,0.997,0.0030000000000000027
64,719.0,0.0101,0.9968,0.0031999999999999806
64,720.0,0.0094,0.9973,0.0027000000000000357
64,721.0,0.0091,0.9972,0.0028000000000000247
64,722.0,0.0119,0.9959,0.0040999999999999925
64,723.0,0.0108,0.9962,0.0038000000000000256
64,724.0,0.0121,0.9959,0.0040999999999999925
64,725.0,0.0091,0.997,0.0030000000000000027
64,726.0,0.0096,0.9969,0.0030999999999999917
64,727.0,0.0093,0.9969,0.0030999999999999917
64,728.0,0.0131,0.996,0.0040000000000000036
64,729.0,0.0114,0.9961,0.0039000000000000146
64,730.0,0.0095,0.9969,0.0030999999999999917
64,731.0,0.0104,0.9965,0.0034999999999999476
64,732.0,0.0095,0.9965,0.0034999999999999476
64,733.0,0.0106,0.9964,0.0036000000000000476
64,734.0,0.0103,0.9968,0.0031999999999999806
64,735.0,0.0106,0.9968,0.0031999999999999806
64,736.0,0.011,0.9966,0.0033999999999999586
64,737.0,0.0109,0.9965,0.0034999999999999476
64,738.0,0.011,0.9963,0.0037000000000000366
64,739.0,0.0112,0.9967,0.0032999999999999696
64,740.0,0.0102,0.9966,0.0033999999999999586
64,741.0,0.0091,0.9971,0.0029000000000000137
64,742.0,0.0109,0.9967,0.0032999999999999696
64,743.0,0.0099,0.997,0.0030000000000000027
64,744.0,0.0114,0.9963,0.0037000000000000366
64,745.0,0.0071,0.9975,0.0024999999999999467
64,746.0,0.0084,0.9971,0.0029000000000000137
64,747.0,0.0105,0.9967,0.0032999999999999696
64,748.0,0.0137,0.9955,0.0044999999999999485
64,749.0,0.0092,0.9971,0.0029000000000000137
64,750.0,0.0126,0.996,0.0040000000000000036
64,751.0,0.0095,0.9971,0.0029000000000000137
64,752.0,0.0087,0.9972,0.0028000000000000247
64,753.0,0.0094,0.9968,0.0031999999999999806
64,754.0,0.0137,0.9954,0.0046000000000000485
64,755.0,0.01,0.9967,0.0032999999999999696
64,756.0,0.0097,0.9967,0.0032999999999999696
64,757.0,0.0101,0.9967,0.0032999999999999696
64,758.0,0.0108,0.9968,0.0031999999999999806
64,759.0,0.0082,0.9973,0.0027000000000000357
64,760.0,0.0087,0.9974,0.0026000000000000467
64,761.0,0.0117,0.9964,0.0036000000000000476
64,762.0,0.0101,0.997,0.0030000000000000027
64,763.0,0.0105,0.9966,0.0033999999999999586
64,764.0,0.0132,0.9961,0.0039000000000000146
64,765.0,0.0114,0.9961,0.0039000000000000146
64,766.0,0.0062,0.9981,0.0019000000000000128
64,767.0,0.0083,0.9971,0.0029000000000000137
64,768.0,0.009,0.9971,0.0029000000000000137
64,769.0,0.0122,0.9961,0.0039000000000000146
64,770.0,0.0099,0.9966,0.0033999999999999586
64,771.0,0.0096,0.9968,0.0031999999999999806
64,772.0,0.0101,0.9967,0.0032999999999999696
64,773.0,0.0097,0.9967,0.0032999999999999696
64,774.0,0.008,0.9976,0.0023999999999999577
64,775.0,0.0093,0.997,0.0030000000000000027
64,776.0,0.0097,0.9969,0.0030999999999999917
64,777.0,0.011,0.9965,0.0034999999999999476
64,778.0,0.0127,0.996,0.0040000000000000036
64,779.0,0.0116,0.9965,0.0034999999999999476
64,780.0,0.0073,0.9975,0.0024999999999999467
64,781.0,0.0082,0.9974,0.0026000000000000467
64,782.0,0.0111,0.9967,0.0032999999999999696
64,783.0,0.0093,0.9973,0.0027000000000000357
64,784.0,0.01,0.9965,0.0034999999999999476
64,785.0,0.0117,0.9963,0.0037000000000000366
64,786.0,0.0121,0.9961,0.0039000000000000146
64,787.0,0.0074,0.9974,0.0026000000000000467
64,788.0,0.0088,0.9969,0.0030999999999999917
64,789.0,0.0094,0.9972,0.0028000000000000247
64,790.0,0.0126,0.9954,0.0046000000000000485
64,791.0,0.0096,0.9966,0.0033999999999999586
64,792.0,0.0087,0.9973,0.0027000000000000357
64,793.0,0.0073,0.9978,0.0021999999999999797
64,794.0,0.0094,0.9969,0.0030999999999999917
64,795.0,0.0117,0.9967,0.0032999999999999696
64,796.0,0.0071,0.9975,0.0024999999999999467
64,797.0,0.0102,0.9965,0.0034999999999999476
64,798.0,0.011,0.9964,0.0036000000000000476
64,799.0,0.0088,0.9971,0.0029000000000000137
64,800.0,0.008,0.9974,0.0026000000000000467
64,801.0,0.0103,0.9965,0.0034999999999999476
64,802.0,0.0097,0.997,0.0030000000000000027
64,803.0,0.0086,0.9973,0.0027000000000000357
64,804.0,0.011,0.9965,0.0034999999999999476
64,805.0,0.0095,0.9968,0.0031999999999999806
64,806.0,0.0125,0.996,0.0040000000000000036
64,807.0,0.0083,0.9973,0.0027000000000000357
64,808.0,0.0107,0.9965,0.0034999999999999476
64,809.0,0.0072,0.9975,0.0024999999999999467
64,810.0,0.01,0.997,0.0030000000000000027
64,811.0,0.009,0.9969,0.0030999999999999917
64,812.0,0.0066,0.998,0.0020000000000000018
64,813.0,0.0099,0.9966,0.0033999999999999586
64,814.0,0.0108,0.9967,0.0032999999999999696
64,815.0,0.0094,0.9973,0.0027000000000000357
64,816.0,0.0102,0.9966,0.0033999999999999586
64,817.0,0.0116,0.9961,0.0039000000000000146
64,818.0,0.0075,0.9976,0.0023999999999999577
64,819.0,0.0074,0.9977,0.0022999999999999687
64,820.0,0.0099,0.9967,0.0032999999999999696
64,821.0,0.0101,0.997,0.0030000000000000027
64,822.0,0.0091,0.9969,0.0030999999999999917
64,823.0,0.0077,0.9976,0.0023999999999999577
64,824.0,0.0068,0.9979,0.0020999999999999908
64,825.0,0.0114,0.9965,0.0034999999999999476
64,826.0,0.011,0.9966,0.0033999999999999586
64,827.0,0.011,0.9965,0.0034999999999999476
64,828.0,0.0082,0.9976,0.0023999999999999577
64,829.0,0.0102,0.9969,0.0030999999999999917
64,830.0,0.009,0.9972,0.0028000000000000247
64,831.0,0.0063,0.9978,0.0021999999999999797
64,832.0,0.0094,0.9969,0.0030999999999999917
64,833.0,0.0094,0.9969,0.0030999999999999917
64,834.0,0.0096,0.9973,0.0027000000000000357
64,835.0,0.0078,0.9974,0.0026000000000000467
64,836.0,0.0102,0.9968,0.0031999999999999806
64,837.0,0.0087,0.9971,0.0029000000000000137
64,838.0,0.0064,0.9981,0.0019000000000000128
64,839.0,0.0099,0.9968,0.0031999999999999806
64,840.0,0.0118,0.9963,0.0037000000000000366
64,841.0,0.0105,0.9968,0.0031999999999999806
64,842.0,0.0071,0.9978,0.0021999999999999797
64,843.0,0.0057,0.9982,0.0018000000000000238
64,844.0,0.0111,0.9967,0.0032999999999999696
64,845.0,0.0108,0.9966,0.0033999999999999586
64,846.0,0.0075,0.9976,0.0023999999999999577
64,847.0,0.0092,0.9973,0.0027000000000000357
64,848.0,0.0093,0.9969,0.0030999999999999917
64,849.0,0.0066,0.9979,0.0020999999999999908
64,850.0,0.0076,0.9977,0.0022999999999999687
64,851.0,0.0112,0.9964,0.0036000000000000476
64,852.0,0.0095,0.9971,0.0029000000000000137
64,853.0,0.0098,0.9969,0.0030999999999999917
64,854.0,0.0084,0.9975,0.0024999999999999467
64,855.0,0.0053,0.9982,0.0018000000000000238
64,856.0,0.0078,0.9976,0.0023999999999999577
64,857.0,0.0086,0.997,0.0030000000000000027
64,858.0,0.0105,0.9966,0.0033999999999999586
64,859.0,0.0107,0.9965,0.0034999999999999476
64,860.0,0.0086,0.9975,0.0024999999999999467
64,861.0,0.0083,0.997,0.0030000000000000027
64,862.0,0.0101,0.997,0.0030000000000000027
64,863.0,0.0075,0.9973,0.0027000000000000357
64,864.0,0.0065,0.9979,0.0020999999999999908
64,865.0,0.0085,0.9975,0.0024999999999999467
64,866.0,0.0087,0.9971,0.0029000000000000137
64,867.0,0.008,0.9977,0.0022999999999999687
64,868.0,0.0098,0.9966,0.0033999999999999586
64,869.0,0.009,0.997,0.0030000000000000027
64,870.0,0.0061,0.9979,0.0020999999999999908
64,871.0,0.0106,0.997,0.0030000000000000027
64,872.0,0.0084,0.9974,0.0026000000000000467
64,873.0,0.0094,0.997,0.0030000000000000027
64,874.0,0.0087,0.9972,0.0028000000000000247
64,875.0,0.0098,0.997,0.0030000000000000027
64,876.0,0.0076,0.9973,0.0027000000000000357
64,877.0,0.0076,0.9972,0.0028000000000000247
64,878.0,0.0091,0.9972,0.0028000000000000247
64,879.0,0.01,0.9968,0.0031999999999999806
64,880.0,0.0113,0.9966,0.0033999999999999586
64,881.0,0.0071,0.9977,0.0022999999999999687
64,882.0,0.0048,0.9985,0.0014999999999999458
64,883.0,0.0076,0.9977,0.0022999999999999687
64,884.0,0.0104,0.997,0.0030000000000000027
64,885.0,0.0091,0.997,0.0030000000000000027
64,886.0,0.0088,0.9972,0.0028000000000000247
64,887.0,0.0073,0.9976,0.0023999999999999577
64,888.0,0.008,0.9973,0.0027000000000000357
64,889.0,0.0112,0.9964,0.0036000000000000476
64,890.0,0.0074,0.9978,0.0021999999999999797
64,891.0,0.0073,0.9977,0.0022999999999999687
64,892.0,0.0073,0.9978,0.0021999999999999797
64,893.0,0.0079,0.9973,0.0027000000000000357
64,894.0,0.0079,0.9975,0.0024999999999999467
64,895.0,0.0102,0.9968,0.0031999999999999806
64,896.0,0.0103,0.9971,0.0029000000000000137
64,897.0,0.0075,0.9974,0.0026000000000000467
64,898.0,0.0085,0.9973,0.0027000000000000357
64,899.0,0.0099,0.9969,0.0030999999999999917
64,900.0,0.0086,0.9974,0.0026000000000000467
64,901.0,0.0078,0.9974,0.0026000000000000467
64,902.0,0.01,0.9966,0.0033999999999999586
64,903.0,0.0064,0.9978,0.0021999999999999797
64,904.0,0.0077,0.9977,0.0022999999999999687
64,905.0,0.007,0.9978,0.0021999999999999797
64,906.0,0.0102,0.997,0.0030000000000000027
64,907.0,0.0105,0.9965,0.0034999999999999476
64,908.0,0.0097,0.9967,0.0032999999999999696
64,909.0,0.0079,0.9972,0.0028000000000000247
64,910.0,0.0082,0.9974,0.0026000000000000467
64,911.0,0.0067,0.998,0.0020000000000000018
64,912.0,0.0093,0.9967,0.0032999999999999696
64,913.0,0.0077,0.9974,0.0026000000000000467
64,914.0,0.0074,0.9977,0.0022999999999999687
64,915.0,0.0072,0.9974,0.0026000000000000467
64,916.0,0.0088,0.997,0.0030000000000000027
64,917.0,0.0085,0.9971,0.0029000000000000137
64,918.0,0.0103,0.9966,0.0033999999999999586
64,919.0,0.0055,0.9983,0.0017000000000000348
64,920.0,0.0075,0.9974,0.0026000000000000467
64,921.0,0.0073,0.9972,0.0028000000000000247
64,922.0,0.0092,0.9967,0.0032999999999999696
64,923.0,0.0067,0.9977,0.0022999999999999687
64,924.0,0.0068,0.9978,0.0021999999999999797
64,925.0,0.0081,0.9974,0.0026000000000000467
64,926.0,0.0094,0.997,0.0030000000000000027
64,927.0,0.0092,0.9969,0.0030999999999999917
64,928.0,0.0078,0.9973,0.0027000000000000357
64,929.0,0.0065,0.9979,0.0020999999999999908
64,930.0,0.0088,0.9971,0.0029000000000000137
64,931.0,0.0098,0.9971,0.0029000000000000137
64,932.0,0.0068,0.998,0.0020000000000000018
64,933.0,0.0054,0.9982,0.0018000000000000238
64,934.0,0.0071,0.9975,0.0024999999999999467
64,935.0,0.0074,0.9974,0.0026000000000000467
64,936.0,0.0107,0.9966,0.0033999999999999586
64,937.0,0.011,0.9969,0.0030999999999999917
64,938.0,0.0079,0.9973,0.0027000000000000357
64,939.0,0.0073,0.9975,0.0024999999999999467
64,940.0,0.0073,0.9975,0.0024999999999999467
64,941.0,0.0063,0.9979,0.0020999999999999908
64,942.0,0.0079,0.9977,0.0022999999999999687
64,943.0,0.0075,0.9976,0.0023999999999999577
64,944.0,0.0087,0.997,0.0030000000000000027
64,945.0,0.0104,0.997,0.0030000000000000027
64,946.0,0.011,0.9965,0.0034999999999999476
64,947.0,0.0078,0.9975,0.0024999999999999467
64,948.0,0.0056,0.9982,0.0018000000000000238
64,949.0,0.0078,0.9976,0.0023999999999999577
64,950.0,0.0081,0.9978,0.0021999999999999797
64,951.0,0.0088,0.9971,0.0029000000000000137
64,952.0,0.0073,0.9977,0.0022999999999999687
64,953.0,0.007,0.998,0.0020000000000000018
64,954.0,0.0092,0.9973,0.0027000000000000357
64,955.0,0.008,0.9973,0.0027000000000000357
64,956.0,0.007,0.9978,0.0021999999999999797
64,957.0,0.0084,0.9975,0.0024999999999999467
64,958.0,0.0092,0.9969,0.0030999999999999917
64,959.0,0.0073,0.9978,0.0021999999999999797
64,960.0,0.0051,0.9983,0.0017000000000000348
64,961.0,0.0072,0.9975,0.0024999999999999467
64,962.0,0.0079,0.9976,0.0023999999999999577
64,963.0,0.0062,0.998,0.0020000000000000018
64,964.0,0.0084,0.9976,0.0023999999999999577
64,965.0,0.0091,0.9972,0.0028000000000000247
64,966.0,0.0094,0.9969,0.0030999999999999917
64,967.0,0.0088,0.9971,0.0029000000000000137
64,968.0,0.0066,0.9981,0.0019000000000000128
64,969.0,0.0093,0.9974,0.0026000000000000467
64,970.0,0.0079,0.9976,0.0023999999999999577
64,971.0,0.0057,0.9982,0.0018000000000000238
64,972.0,0.0079,0.9971,0.0029000000000000137
64,973.0,0.0072,0.9977,0.0022999999999999687
64,974.0,0.0072,0.9977,0.0022999999999999687
64,975.0,0.0097,0.9972,0.0028000000000000247
64,976.0,0.0089,0.9972,0.0028000000000000247
64,977.0,0.0081,0.9975,0.0024999999999999467
64,978.0,0.0083,0.9975,0.0024999999999999467
64,979.0,0.0054,0.9982,0.0018000000000000238
64,980.0,0.0062,0.9984,0.0016000000000000458
64,981.0,0.0084,0.9977,0.0022999999999999687
64,982.0,0.0074,0.9975,0.0024999999999999467
64,983.0,0.0093,0.997,0.0030000000000000027
64,984.0,0.0075,0.9975,0.0024999999999999467
64,985.0,0.0089,0.9973,0.0027000000000000357
64,986.0,0.0081,0.9974,0.0026000000000000467
64,987.0,0.0077,0.9977,0.0022999999999999687
64,988.0,0.0053,0.9982,0.0018000000000000238
64,989.0,0.007,0.9976,0.0023999999999999577
64,990.0,0.0091,0.9973,0.0027000000000000357
64,991.0,0.0099,0.9971,0.0029000000000000137
64,992.0,0.0065,0.998,0.0020000000000000018
64,993.0,0.0077,0.9974,0.0026000000000000467
64,994.0,0.007,0.998,0.0020000000000000018
64,995.0,0.0067,0.998,0.0020000000000000018
64,996.0,0.0062,0.9979,0.0020999999999999908
64,997.0,0.0068,0.9979,0.0020999999999999908
64,998.0,0.0076,0.9973,0.0027000000000000357
64,999.0,0.0083,0.9973,0.0027000000000000357
64,1000.0,0.0097,0.9969,0.0030999999999999917
64,1001.0,0.0105,0.9967,0.0032999999999999696
64,1002.0,0.0061,0.9977,0.0022999999999999687
64,1003.0,0.0067,0.9979,0.0020999999999999908
64,1004.0,0.007,0.9978,0.0021999999999999797
64,1005.0,0.0073,0.9977,0.0022999999999999687
64,1006.0,0.0064,0.998,0.0020000000000000018
64,1007.0,0.0082,0.9976,0.0023999999999999577
64,1008.0,0.008,0.9979,0.0020999999999999908
64,1009.0,0.0084,0.9976,0.0023999999999999577
64,1010.0,0.0065,0.9981,0.0019000000000000128
64,1011.0,0.0087,0.9973,0.0027000000000000357
64,1012.0,0.0074,0.9976,0.0023999999999999577
64,1013.0,0.0066,0.9979,0.0020999999999999908
64,1014.0,0.0071,0.9977,0.0022999999999999687
64,1015.0,0.0069,0.9977,0.0022999999999999687
64,1016.0,0.0068,0.998,0.0020000000000000018
64,1017.0,0.0093,0.9972,0.0028000000000000247
64,1018.0,0.0083,0.9974,0.0026000000000000467
64,1019.0,0.0073,0.9976,0.0023999999999999577
64,1020.0,0.0062,0.9981,0.0019000000000000128
64,1021.0,0.0057,0.9983,0.0017000000000000348
64,1022.0,0.0104,0.9971,0.0029000000000000137
64,1023.0,0.0088,0.997,0.0030000000000000027
64,1024.0,0.0063,0.9979,0.0020999999999999908
64,1025.0,0.0052,0.9982,0.0018000000000000238
64,1026.0,0.0061,0.9981,0.0019000000000000128
64,1027.0,0.0087,0.9969,0.0030999999999999917
64,1028.0,0.0104,0.9968,0.0031999999999999806
64,1029.0,0.0065,0.9979,0.0020999999999999908
64,1030.0,0.0064,0.9982,0.0018000000000000238
64,1031.0,0.0079,0.9974,0.0026000000000000467
64,1032.0,0.0082,0.9972,0.0028000000000000247
64,1033.0,0.0067,0.9979,0.0020999999999999908
64,1034.0,0.0067,0.998,0.0020000000000000018
64,1035.0,0.0075,0.9977,0.0022999999999999687
64,1036.0,0.0044,0.9987,0.0012999999999999678
64,1037.0,0.0061,0.998,0.0020000000000000018
64,1038.0,0.0077,0.9975,0.0024999999999999467
64,1039.0,0.0086,0.9971,0.0029000000000000137
64,1040.0,0.0098,0.9973,0.0027000000000000357
64,1041.0,0.0078,0.9975,0.0024999999999999467
64,1042.0,0.0078,0.9976,0.0023999999999999577
64,1043.0,0.0054,0.9983,0.0017000000000000348
64,1044.0,0.0074,0.9977,0.0022999999999999687
64,1045.0,0.0087,0.9971,0.0029000000000000137
64,1046.0,0.0067,0.9977,0.0022999999999999687
64,1047.0,0.0068,0.9977,0.0022999999999999687
64,1048.0,0.007,0.9978,0.0021999999999999797
64,1049.0,0.0062,0.9978,0.0021999999999999797
64,1050.0,0.0053,0.9984,0.0016000000000000458
64,1051.0,0.008,0.9977,0.0022999999999999687
64,1052.0,0.0071,0.9976,0.0023999999999999577
64,1053.0,0.0062,0.998,0.0020000000000000018
64,1054.0,0.0088,0.9973,0.0027000000000000357
64,1055.0,0.007,0.998,0.0020000000000000018
64,1056.0,0.0074,0.9976,0.0023999999999999577
64,1057.0,0.0066,0.9977,0.0022999999999999687
64,1058.0,0.005,0.9986,0.0013999999999999568
64,1059.0,0.0063,0.998,0.0020000000000000018
64,1060.0,0.0073,0.9978,0.0021999999999999797
64,1061.0,0.0078,0.9974,0.0026000000000000467
64,1062.0,0.0073,0.9977,0.0022999999999999687
64,1063.0,0.0077,0.9979,0.0020999999999999908
64,1064.0,0.0068,0.9978,0.0021999999999999797
64,1065.0,0.008,0.9976,0.0023999999999999577
64,1066.0,0.0051,0.9984,0.0016000000000000458
64,1067.0,0.0057,0.9983,0.0017000000000000348
64,1068.0,0.0105,0.9971,0.0029000000000000137
64,1069.0,0.008,0.9975,0.0024999999999999467
64,1070.0,0.0064,0.9979,0.0020999999999999908
64,1071.0,0.0064,0.998,0.0020000000000000018
64,1072.0,0.0075,0.9975,0.0024999999999999467
64,1073.0,0.0058,0.9982,0.0018000000000000238
64,1074.0,0.0058,0.9983,0.0017000000000000348
64,1075.0,0.0044,0.9985,0.0014999999999999458
64,1076.0,0.0105,0.9969,0.0030999999999999917
64,1077.0,0.0085,0.9971,0.0029000000000000137
64,1078.0,0.0047,0.9984,0.0016000000000000458
64,1079.0,0.0059,0.998,0.0020000000000000018
64,1080.0,0.0078,0.9976,0.0023999999999999577
64,1081.0,0.0071,0.9977,0.0022999999999999687
64,1082.0,0.0056,0.9982,0.0018000000000000238
64,1083.0,0.0074,0.9976,0.0023999999999999577
64,1084.0,0.0068,0.9977,0.0022999999999999687
64,1085.0,0.0063,0.9979,0.0020999999999999908
64,1086.0,0.007,0.9977,0.0022999999999999687
64,1087.0,0.0072,0.9978,0.0021999999999999797
64,1088.0,0.0082,0.9975,0.0024999999999999467
64,1089.0,0.0069,0.9978,0.0021999999999999797
64,1090.0,0.0072,0.9978,0.0021999999999999797
64,1091.0,0.0055,0.998,0.0020000000000000018
64,1092.0,0.0067,0.9978,0.0021999999999999797
64,1093.0,0.0071,0.9977,0.0022999999999999687
64,1094.0,0.0078,0.9976,0.0023999999999999577
64,1095.0,0.0069,0.9977,0.0022999999999999687
64,1096.0,0.0064,0.9979,0.0020999999999999908
64,1097.0,0.0095,0.9969,0.0030999999999999917
64,1098.0,0.0078,0.9977,0.0022999999999999687
64,1099.0,0.0076,0.9975,0.0024999999999999467
64,1100.0,0.0058,0.9981,0.0019000000000000128
64,1101.0,0.0069,0.9978,0.0021999999999999797
64,1102.0,0.0068,0.998,0.0020000000000000018
64,1103.0,0.0054,0.9983,0.0017000000000000348
64,1104.0,0.0054,0.9983,0.0017000000000000348
64,1105.0,0.0057,0.9982,0.0018000000000000238
64,1106.0,0.0066,0.9976,0.0023999999999999577
64,1107.0,0.0074,0.9976,0.0023999999999999577
64,1108.0,0.0072,0.9975,0.0024999999999999467
64,1109.0,0.0053,0.9985,0.0014999999999999458
64,1110.0,0.004,0.9989,0.0010999999999999899
64,1111.0,0.0092,0.9975,0.0024999999999999467
64,1112.0,0.0061,0.9979,0.0020999999999999908
64,1113.0,0.0065,0.9977,0.0022999999999999687
64,1114.0,0.0057,0.9983,0.0017000000000000348
64,1115.0,0.008,0.9976,0.0023999999999999577
64,1116.0,0.0075,0.9977,0.0022999999999999687
64,1117.0,0.0073,0.998,0.0020000000000000018
64,1118.0,0.0064,0.9978,0.0021999999999999797
64,1119.0,0.0077,0.9976,0.0023999999999999577
64,1120.0,0.0068,0.9975,0.0024999999999999467
64,1121.0,0.0065,0.9981,0.0019000000000000128
64,1122.0,0.0071,0.9977,0.0022999999999999687
64,1123.0,0.0068,0.9978,0.0021999999999999797
64,1124.0,0.0065,0.998,0.0020000000000000018
64,1125.0,0.0062,0.9978,0.0021999999999999797
64,1126.0,0.0076,0.9976,0.0023999999999999577
64,1127.0,0.0061,0.9979,0.0020999999999999908
64,1128.0,0.0064,0.9981,0.0019000000000000128
64,1129.0,0.0067,0.9979,0.0020999999999999908
64,1130.0,0.006,0.998,0.0020000000000000018
64,1131.0,0.0048,0.9983,0.0017000000000000348
64,1132.0,0.0054,0.9983,0.0017000000000000348
64,1133.0,0.0081,0.9973,0.0027000000000000357
64,1134.0,0.0086,0.9971,0.0029000000000000137
64,1135.0,0.0073,0.9975,0.0024999999999999467
64,1136.0,0.0058,0.9981,0.0019000000000000128
64,1137.0,0.0041,0.9985,0.0014999999999999458
64,1138.0,0.0086,0.9973,0.0027000000000000357
64,1139.0,0.0072,0.9976,0.0023999999999999577
64,1140.0,0.0066,0.9976,0.0023999999999999577
64,1141.0,0.0079,0.9974,0.0026000000000000467
64,1142.0,0.0072,0.9976,0.0023999999999999577
64,1143.0,0.005,0.9985,0.0014999999999999458
64,1144.0,0.0069,0.9977,0.0022999999999999687
64,1145.0,0.0054,0.9981,0.0019000000000000128
64,1146.0,0.0055,0.9982,0.0018000000000000238
64,1147.0,0.0087,0.9971,0.0029000000000000137
64,1148.0,0.0059,0.9979,0.0020999999999999908
64,1149.0,0.0071,0.9978,0.0021999999999999797
64,1150.0,0.0071,0.9978,0.0021999999999999797
64,1151.0,0.0055,0.9982,0.0018000000000000238
64,1152.0,0.0081,0.9977,0.0022999999999999687
64,1153.0,0.0052,0.9979,0.0020999999999999908
64,1154.0,0.0084,0.9976,0.0023999999999999577
64,1155.0,0.0061,0.9981,0.0019000000000000128
64,1156.0,0.0054,0.9981,0.0019000000000000128
64,1157.0,0.0062,0.9982,0.0018000000000000238
64,1158.0,0.0055,0.9984,0.0016000000000000458
64,1159.0,0.0057,0.9982,0.0018000000000000238
64,1160.0,0.0062,0.9979,0.0020999999999999908
64,1161.0,0.0066,0.9979,0.0020999999999999908
64,1162.0,0.008,0.9976,0.0023999999999999577
64,1163.0,0.0073,0.9976,0.0023999999999999577
64,1164.0,0.0062,0.998,0.0020000000000000018
64,1165.0,0.0059,0.9982,0.0018000000000000238
64,1166.0,0.0048,0.9985,0.0014999999999999458
64,1167.0,0.0058,0.998,0.0020000000000000018
64,1168.0,0.0064,0.9979,0.0020999999999999908
64,1169.0,0.0067,0.998,0.0020000000000000018
64,1170.0,0.0065,0.998,0.0020000000000000018
64,1171.0,0.006,0.9979,0.0020999999999999908
64,1172.0,0.0078,0.9975,0.0024999999999999467
64,1173.0,0.0083,0.9976,0.0023999999999999577
64,1174.0,0.0051,0.9984,0.0016000000000000458
64,1175.0,0.0051,0.9985,0.0014999999999999458
64,1176.0,0.0062,0.9981,0.0019000000000000128
64,1177.0,0.0057,0.9982,0.0018000000000000238
64,1178.0,0.0078,0.9975,0.0024999999999999467
64,1179.0,0.0075,0.9979,0.0020999999999999908
64,1180.0,0.007,0.9978,0.0021999999999999797
64,1181.0,0.005,0.9985,0.0014999999999999458
64,1182.0,0.0067,0.9982,0.0018000000000000238
64,1183.0,0.0068,0.9977,0.0022999999999999687
64,1184.0,0.0053,0.9981,0.0019000000000000128
64,1185.0,0.008,0.9973,0.0027000000000000357
64,1186.0,0.0047,0.9986,0.0013999999999999568
64,1187.0,0.0065,0.998,0.0020000000000000018
64,1188.0,0.0058,0.9982,0.0018000000000000238
64,1189.0,0.0052,0.9983,0.0017000000000000348
64,1190.0,0.0093,0.997,0.0030000000000000027
64,1191.0,0.0071,0.9977,0.0022999999999999687
64,1192.0,0.0059,0.998,0.0020000000000000018
64,1193.0,0.0056,0.9981,0.0019000000000000128
64,1194.0,0.0053,0.9986,0.0013999999999999568
64,1195.0,0.006,0.9981,0.0019000000000000128
64,1196.0,0.0046,0.9984,0.0016000000000000458
64,1197.0,0.0056,0.9982,0.0018000000000000238
64,1198.0,0.0068,0.9977,0.0022999999999999687
64,1199.0,0.0054,0.9982,0.0018000000000000238
64,1200.0,0.0064,0.9982,0.0018000000000000238
64,1201.0,0.0092,0.9972,0.0028000000000000247
64,1202.0,0.0064,0.9982,0.0018000000000000238
64,1203.0,0.0053,0.9982,0.0018000000000000238
64,1204.0,0.0057,0.9981,0.0019000000000000128
64,1205.0,0.006,0.9981,0.0019000000000000128
64,1206.0,0.0043,0.9988,0.0011999999999999789
64,1207.0,0.0039,0.9988,0.0011999999999999789
64,1208.0,0.0076,0.9977,0.0022999999999999687
64,1209.0,0.0088,0.9975,0.0024999999999999467
64,1210.0,0.007,0.9975,0.0024999999999999467
64,1211.0,0.0077,0.9974,0.0026000000000000467
64,1212.0,0.0069,0.9978,0.0021999999999999797
64,1213.0,0.0086,0.9972,0.0028000000000000247
64,1214.0,0.0057,0.9983,0.0017000000000000348
64,1215.0,0.006,0.998,0.0020000000000000018
64,1216.0,0.0049,0.9984,0.0016000000000000458
64,1217.0,0.0072,0.9976,0.0023999999999999577
64,1218.0,0.0057,0.9984,0.0016000000000000458
64,1219.0,0.0049,0.9984,0.0016000000000000458
64,1220.0,0.0062,0.9981,0.0019000000000000128
64,1221.0,0.006,0.9981,0.0019000000000000128
64,1222.0,0.0063,0.9981,0.0019000000000000128
64,1223.0,0.006,0.9982,0.0018000000000000238
64,1224.0,0.0057,0.9984,0.0016000000000000458
64,1225.0,0.0063,0.998,0.0020000000000000018
64,1226.0,0.0059,0.9982,0.0018000000000000238
64,1227.0,0.0073,0.9978,0.0021999999999999797
64,1228.0,0.0072,0.9977,0.0022999999999999687
64,1229.0,0.0059,0.9982,0.0018000000000000238
64,1230.0,0.0049,0.9982,0.0018000000000000238
64,1231.0,0.0051,0.9986,0.0013999999999999568
64,1232.0,0.0067,0.998,0.0020000000000000018
64,1233.0,0.0061,0.9979,0.0020999999999999908
64,1234.0,0.0042,0.9986,0.0013999999999999568
64,1235.0,0.0053,0.9984,0.0016000000000000458
64,1236.0,0.0062,0.9981,0.0019000000000000128
64,1237.0,0.0065,0.9981,0.0019000000000000128
64,1238.0,0.0059,0.9981,0.0019000000000000128
64,1239.0,0.0061,0.998,0.0020000000000000018
64,1240.0,0.0055,0.9983,0.0017000000000000348
64,1241.0,0.0067,0.9978,0.0021999999999999797
64,1242.0,0.0076,0.9977,0.0022999999999999687
64,1243.0,0.0069,0.9976,0.0023999999999999577
64,1244.0,0.0034,0.9989,0.0010999999999999899
64,1245.0,0.0048,0.9984,0.0016000000000000458
64,1246.0,0.0061,0.9981,0.0019000000000000128
64,1247.0,0.008,0.9979,0.0020999999999999908
64,1248.0,0.004,0.9986,0.0013999999999999568
64,1249.0,0.0063,0.9979,0.0020999999999999908
64,1250.0,0.0074,0.9978,0.0021999999999999797
64,1251.0,0.0055,0.9983,0.0017000000000000348
64,1252.0,0.0036,0.999,0.0010000000000000009
64,1253.0,0.0056,0.9983,0.0017000000000000348
64,1254.0,0.0072,0.9979,0.0020999999999999908
64,1255.0,0.0058,0.9981,0.0019000000000000128
64,1256.0,0.0053,0.9984,0.0016000000000000458
64,1257.0,0.0058,0.9982,0.0018000000000000238
64,1258.0,0.0058,0.9985,0.0014999999999999458
64,1259.0,0.0075,0.9976,0.0023999999999999577
64,1260.0,0.0063,0.9979,0.0020999999999999908
64,1261.0,0.0036,0.9988,0.0011999999999999789
64,1262.0,0.0032,0.9989,0.0010999999999999899
64,1263.0,0.0057,0.9981,0.0019000000000000128
64,1264.0,0.0067,0.9979,0.0020999999999999908
64,1265.0,0.0055,0.9983,0.0017000000000000348
64,1266.0,0.0055,0.9981,0.0019000000000000128
64,1267.0,0.0061,0.998,0.0020000000000000018
64,1268.0,0.007,0.9978,0.0021999999999999797
64,1269.0,0.0052,0.9984,0.0016000000000000458
64,1270.0,0.0065,0.9979,0.0020999999999999908
64,1271.0,0.0063,0.9978,0.0021999999999999797
64,1272.0,0.0067,0.9978,0.0021999999999999797
64,1273.0,0.0048,0.9983,0.0017000000000000348
64,1274.0,0.0051,0.9984,0.0016000000000000458
64,1275.0,0.0062,0.9981,0.0019000000000000128
64,1276.0,0.0053,0.9982,0.0018000000000000238
64,1277.0,0.0063,0.9981,0.0019000000000000128
64,1278.0,0.0058,0.9982,0.0018000000000000238
64,1279.0,0.006,0.9983,0.0017000000000000348
64,1280.0,0.005,0.9983,0.0017000000000000348
64,1281.0,0.0077,0.9978,0.0021999999999999797
64,1282.0,0.0059,0.9982,0.0018000000000000238
64,1283.0,0.0061,0.9981,0.0019000000000000128
64,1284.0,0.0063,0.9978,0.0021999999999999797
64,1285.0,0.005,0.9983,0.0017000000000000348
64,1286.0,0.0062,0.9978,0.0021999999999999797
64,1287.0,0.0058,0.998,0.0020000000000000018
64,1288.0,0.005,0.9983,0.0017000000000000348
64,1289.0,0.0044,0.9986,0.0013999999999999568
64,1290.0,0.0046,0.9985,0.0014999999999999458
64,1291.0,0.0081,0.9977,0.0022999999999999687
64,1292.0,0.0073,0.9976,0.0023999999999999577
64,1293.0,0.0071,0.9975,0.0024999999999999467
64,1294.0,0.0052,0.9986,0.0013999999999999568
64,1295.0,0.0034,0.9989,0.0010999999999999899
64,1296.0,0.0041,0.9986,0.0013999999999999568
64,1297.0,0.0051,0.9983,0.0017000000000000348
64,1298.0,0.0081,0.9973,0.0027000000000000357
64,1299.0,0.0064,0.998,0.0020000000000000018
64,1300.0,0.0071,0.9978,0.0021999999999999797
64,1301.0,0.0041,0.9986,0.0013999999999999568
64,1302.0,0.0044,0.9987,0.0012999999999999678
64,1303.0,0.0051,0.9983,0.0017000000000000348
64,1304.0,0.0066,0.9976,0.0023999999999999577
64,1305.0,0.007,0.9977,0.0022999999999999687
64,1306.0,0.0071,0.9978,0.0021999999999999797
64,1307.0,0.0051,0.9983,0.0017000000000000348
64,1308.0,0.0056,0.9985,0.0014999999999999458
64,1309.0,0.0084,0.9974,0.0026000000000000467
64,1310.0,0.0057,0.9982,0.0018000000000000238
64,1311.0,0.0034,0.9989,0.0010999999999999899
64,1312.0,0.0047,0.9984,0.0016000000000000458
64,1313.0,0.0045,0.9986,0.0013999999999999568
64,1314.0,0.0042,0.9985,0.0014999999999999458
64,1315.0,0.0049,0.9984,0.0016000000000000458
64,1316.0,0.0071,0.9982,0.0018000000000000238
64,1317.0,0.0067,0.9979,0.0020999999999999908
64,1318.0,0.006,0.998,0.0020000000000000018
64,1319.0,0.0047,0.9981,0.0019000000000000128
64,1320.0,0.0039,0.9988,0.0011999999999999789
64,1321.0,0.0055,0.9982,0.0018000000000000238
64,1322.0,0.0079,0.9975,0.0024999999999999467
64,1323.0,0.0056,0.9983,0.0017000000000000348
64,1324.0,0.0055,0.9982,0.0018000000000000238
64,1325.0,0.0054,0.9985,0.0014999999999999458
64,1326.0,0.0058,0.9982,0.0018000000000000238
64,1327.0,0.0047,0.9986,0.0013999999999999568
64,1328.0,0.004,0.9988,0.0011999999999999789
64,1329.0,0.0043,0.9984,0.0016000000000000458
64,1330.0,0.0058,0.9984,0.0016000000000000458
64,1331.0,0.007,0.9977,0.0022999999999999687
64,1332.0,0.007,0.9979,0.0020999999999999908
64,1333.0,0.0051,0.9983,0.0017000000000000348
64,1334.0,0.005,0.9983,0.0017000000000000348
64,1335.0,0.0038,0.9986,0.0013999999999999568
64,1336.0,0.0046,0.9983,0.0017000000000000348
64,1337.0,0.0053,0.9983,0.0017000000000000348
64,1338.0,0.0081,0.9974,0.0026000000000000467
64,1339.0,0.0062,0.9983,0.0017000000000000348
64,1340.0,0.0052,0.9985,0.0014999999999999458
64,1341.0,0.0036,0.9987,0.0012999999999999678
64,1342.0,0.0061,0.9984,0.0016000000000000458
64,1343.0,0.005,0.9985,0.0014999999999999458
64,1344.0,0.0074,0.9978,0.0021999999999999797
64,1345.0,0.0059,0.9983,0.0017000000000000348
64,1346.0,0.0056,0.9983,0.0017000000000000348
64,1347.0,0.0048,0.9984,0.0016000000000000458
64,1348.0,0.0051,0.9984,0.0016000000000000458
64,1349.0,0.0059,0.9979,0.0020999999999999908
64,1350.0,0.0064,0.9979,0.0020999999999999908
64,1351.0,0.0062,0.9981,0.0019000000000000128
64,1352.0,0.0066,0.9981,0.0019000000000000128
64,1353.0,0.0049,0.9985,0.0014999999999999458
64,1354.0,0.0046,0.9986,0.0013999999999999568
64,1355.0,0.0049,0.9984,0.0016000000000000458
64,1356.0,0.0059,0.9981,0.0019000000000000128
64,1357.0,0.0076,0.9978,0.0021999999999999797
64,1358.0,0.0052,0.9982,0.0018000000000000238
64,1359.0,0.0057,0.9984,0.0016000000000000458
64,1360.0,0.0052,0.9985,0.0014999999999999458
64,1361.0,0.0044,0.9984,0.0016000000000000458
64,1362.0,0.0043,0.9987,0.0012999999999999678
64,1363.0,0.0058,0.9985,0.0014999999999999458
64,1364.0,0.0072,0.998,0.0020000000000000018
64,1365.0,0.0051,0.9985,0.0014999999999999458
64,1366.0,0.0049,0.9987,0.0012999999999999678
64,1367.0,0.0056,0.9984,0.0016000000000000458
64,1368.0,0.0058,0.9981,0.0019000000000000128
64,1369.0,0.007,0.9978,0.0021999999999999797
64,1370.0,0.0041,0.9986,0.0013999999999999568
64,1371.0,0.0042,0.9987,0.0012999999999999678
64,1372.0,0.0055,0.9984,0.0016000000000000458
64,1373.0,0.0056,0.9982,0.0018000000000000238
64,1374.0,0.0051,0.9983,0.0017000000000000348
64,1375.0,0.0057,0.998,0.0020000000000000018
64,1376.0,0.0058,0.998,0.0020000000000000018
64,1377.0,0.006,0.998,0.0020000000000000018
64,1378.0,0.005,0.9983,0.0017000000000000348
64,1379.0,0.0071,0.9978,0.0021999999999999797
64,1380.0,0.0057,0.9982,0.0018000000000000238
64,1381.0,0.0042,0.9989,0.0010999999999999899
64,1382.0,0.0044,0.9986,0.0013999999999999568
64,1383.0,0.0053,0.9983,0.0017000000000000348
64,1384.0,0.005,0.9983,0.0017000000000000348
64,1385.0,0.0045,0.9986,0.0013999999999999568
64,1386.0,0.0062,0.9982,0.0018000000000000238
64,1387.0,0.006,0.9982,0.0018000000000000238
64,1388.0,0.0058,0.998,0.0020000000000000018
64,1389.0,0.0061,0.9982,0.0018000000000000238
64,1390.0,0.0069,0.9979,0.0020999999999999908
64,1391.0,0.0055,0.9983,0.0017000000000000348
64,1392.0,0.004,0.9986,0.0013999999999999568
64,1393.0,0.0057,0.9984,0.0016000000000000458
64,1394.0,0.0038,0.9989,0.0010999999999999899
64,1395.0,0.0045,0.9985,0.0014999999999999458
64,1396.0,0.0064,0.9983,0.0017000000000000348
64,1397.0,0.0054,0.9983,0.0017000000000000348
64,1398.0,0.0059,0.9983,0.0017000000000000348
64,1399.0,0.004,0.9987,0.0012999999999999678
64,1400.0,0.0048,0.9986,0.0013999999999999568
64,1401.0,0.0064,0.9981,0.0019000000000000128
64,1402.0,0.0065,0.9979,0.0020999999999999908
64,1403.0,0.0054,0.9983,0.0017000000000000348
64,1404.0,0.0038,0.9988,0.0011999999999999789
64,1405.0,0.0065,0.998,0.0020000000000000018
64,1406.0,0.0078,0.9978,0.0021999999999999797
64,1407.0,0.0052,0.9986,0.0013999999999999568
64,1408.0,0.0047,0.9985,0.0014999999999999458
64,1409.0,0.0036,0.9989,0.0010999999999999899
64,1410.0,0.0059,0.998,0.0020000000000000018
64,1411.0,0.0043,0.9985,0.0014999999999999458
64,1412.0,0.004,0.9987,0.0012999999999999678
64,1413.0,0.0048,0.9983,0.0017000000000000348
64,1414.0,0.006,0.998,0.0020000000000000018
64,1415.0,0.0052,0.9983,0.0017000000000000348
64,1416.0,0.0042,0.9987,0.0012999999999999678
64,1417.0,0.0048,0.9987,0.0012999999999999678
64,1418.0,0.0048,0.9984,0.0016000000000000458
64,1419.0,0.005,0.9983,0.0017000000000000348
64,1420.0,0.005,0.9985,0.0014999999999999458
64,1421.0,0.0047,0.9984,0.0016000000000000458
64,1422.0,0.004,0.9985,0.0014999999999999458
64,1423.0,0.0063,0.9979,0.0020999999999999908
64,1424.0,0.0055,0.9983,0.0017000000000000348
64,1425.0,0.0048,0.9983,0.0017000000000000348
64,1426.0,0.0072,0.9981,0.0019000000000000128
64,1427.0,0.005,0.9984,0.0016000000000000458
64,1428.0,0.0047,0.9983,0.0017000000000000348
64,1429.0,0.0043,0.9988,0.0011999999999999789
64,1430.0,0.0063,0.9982,0.0018000000000000238
64,1431.0,0.0056,0.9983,0.0017000000000000348
64,1432.0,0.0046,0.9986,0.0013999999999999568
64,1433.0,0.004,0.9984,0.0016000000000000458
64,1434.0,0.006,0.9983,0.0017000000000000348
64,1435.0,0.0045,0.9986,0.0013999999999999568
64,1436.0,0.0058,0.9984,0.0016000000000000458
64,1437.0,0.0046,0.9985,0.0014999999999999458
64,1438.0,0.0046,0.9984,0.0016000000000000458
64,1439.0,0.0058,0.9982,0.0018000000000000238
64,1440.0,0.0059,0.9983,0.0017000000000000348
64,1441.0,0.0055,0.9984,0.0016000000000000458
64,1442.0,0.0049,0.9985,0.0014999999999999458
64,1443.0,0.0064,0.9981,0.0019000000000000128
64,1444.0,0.0049,0.9984,0.0016000000000000458
64,1445.0,0.0045,0.9984,0.0016000000000000458
64,1446.0,0.0055,0.9983,0.0017000000000000348
64,1447.0,0.0037,0.9989,0.0010999999999999899
64,1448.0,0.0037,0.9987,0.0012999999999999678
64,1449.0,0.0065,0.9982,0.0018000000000000238
64,1450.0,0.0053,0.9982,0.0018000000000000238
64,1451.0,0.0041,0.999,0.0010000000000000009
64,1452.0,0.0049,0.9981,0.0019000000000000128
64,1453.0,0.0043,0.9986,0.0013999999999999568
64,1454.0,0.0052,0.9983,0.0017000000000000348
64,1455.0,0.0064,0.9981,0.0019000000000000128
64,1456.0,0.0054,0.9981,0.0019000000000000128
64,1457.0,0.0061,0.9981,0.0019000000000000128
64,1458.0,0.0041,0.9988,0.0011999999999999789
64,1459.0,0.0059,0.9983,0.0017000000000000348
64,1460.0,0.0046,0.9986,0.0013999999999999568
64,1461.0,0.0043,0.9989,0.0010999999999999899
64,1462.0,0.0039,0.9987,0.0012999999999999678
64,1463.0,0.0049,0.9983,0.0017000000000000348
64,1464.0,0.0046,0.9986,0.0013999999999999568
64,1465.0,0.0065,0.998,0.0020000000000000018
64,1466.0,0.0047,0.9985,0.0014999999999999458
64,1467.0,0.0056,0.9982,0.0018000000000000238
64,1468.0,0.0053,0.9986,0.0013999999999999568
64,1469.0,0.0058,0.9981,0.0019000000000000128
64,1470.0,0.0031,0.9989,0.0010999999999999899
64,1471.0,0.0044,0.9986,0.0013999999999999568
64,1472.0,0.005,0.9985,0.0014999999999999458
64,1473.0,0.0057,0.9983,0.0017000000000000348
64,1474.0,0.0059,0.9984,0.0016000000000000458
64,1475.0,0.0046,0.9985,0.0014999999999999458
64,1476.0,0.0052,0.9986,0.0013999999999999568
64,1477.0,0.0035,0.999,0.0010000000000000009
64,1478.0,0.0052,0.9984,0.0016000000000000458
64,1479.0,0.0041,0.9984,0.0016000000000000458
64,1480.0,0.0069,0.998,0.0020000000000000018
64,1481.0,0.0053,0.9985,0.0014999999999999458
64,1482.0,0.0039,0.9988,0.0011999999999999789
64,1483.0,0.0041,0.9987,0.0012999999999999678
64,1484.0,0.0057,0.9982,0.0018000000000000238
64,1485.0,0.0054,0.9985,0.0014999999999999458
64,1486.0,0.0044,0.9986,0.0013999999999999568
64,1487.0,0.0048,0.9986,0.0013999999999999568
64,1488.0,0.0033,0.9989,0.0010999999999999899
64,1489.0,0.0045,0.9988,0.0011999999999999789
64,1490.0,0.0051,0.9984,0.0016000000000000458
64,1491.0,0.0057,0.9981,0.0019000000000000128
64,1492.0,0.0037,0.9988,0.0011999999999999789
64,1493.0,0.0043,0.9986,0.0013999999999999568
64,1494.0,0.0067,0.9981,0.0019000000000000128
64,1495.0,0.0048,0.9984,0.0016000000000000458
64,1496.0,0.0037,0.9985,0.0014999999999999458
64,1497.0,0.006,0.9981,0.0019000000000000128
64,1498.0,0.0041,0.9986,0.0013999999999999568
64,1499.0,0.0044,0.9986,0.0013999999999999568
64,1500.0,0.0061,0.9982,0.0018000000000000238
64,1501.0,0.0047,0.9987,0.0012999999999999678
64,1502.0,0.0051,0.9985,0.0014999999999999458
64,1503.0,0.0035,0.9988,0.0011999999999999789
64,1504.0,0.0047,0.9985,0.0014999999999999458
64,1505.0,0.0045,0.9987,0.0012999999999999678
64,1506.0,0.0052,0.9986,0.0013999999999999568
64,1507.0,0.0053,0.9985,0.0014999999999999458
64,1508.0,0.0034,0.999,0.0010000000000000009
64,1509.0,0.0055,0.9983,0.0017000000000000348
64,1510.0,0.0061,0.9981,0.0019000000000000128
64,1511.0,0.0057,0.998,0.0020000000000000018
64,1512.0,0.0047,0.9984,0.0016000000000000458
64,1513.0,0.0028,0.9991,0.0009000000000000119
64,1514.0,0.0058,0.998,0.0020000000000000018
64,1515.0,0.0052,0.9984,0.0016000000000000458
64,1516.0,0.0044,0.9985,0.0014999999999999458
64,1517.0,0.0039,0.9986,0.0013999999999999568
64,1518.0,0.0047,0.9986,0.0013999999999999568
64,1519.0,0.0054,0.9983,0.0017000000000000348
64,1520.0,0.0067,0.9981,0.0019000000000000128
64,1521.0,0.0039,0.9989,0.0010999999999999899
64,1522.0,0.0049,0.9987,0.0012999999999999678
64,1523.0,0.0042,0.9988,0.0011999999999999789
64,1524.0,0.0054,0.9982,0.0018000000000000238
64,1525.0,0.0045,0.9987,0.0012999999999999678
64,1526.0,0.0053,0.9983,0.0017000000000000348
64,1527.0,0.005,0.9987,0.0012999999999999678
64,1528.0,0.0063,0.998,0.0020000000000000018
64,1529.0,0.0049,0.9983,0.0017000000000000348
64,1530.0,0.0061,0.998,0.0020000000000000018
64,1531.0,0.0047,0.9985,0.0014999999999999458
64,1532.0,0.0049,0.9986,0.0013999999999999568
64,1533.0,0.0047,0.9985,0.0014999999999999458
64,1534.0,0.0045,0.9985,0.0014999999999999458
64,1535.0,0.0039,0.9988,0.0011999999999999789
64,1536.0,0.0041,0.9987,0.0012999999999999678
64,1537.0,0.0051,0.9983,0.0017000000000000348
64,1538.0,0.0038,0.9986,0.0013999999999999568
64,1539.0,0.0037,0.9988,0.0011999999999999789
64,1540.0,0.0047,0.9984,0.0016000000000000458
64,1541.0,0.0055,0.9986,0.0013999999999999568
64,1542.0,0.0035,0.9988,0.0011999999999999789
64,1543.0,0.0043,0.9986,0.0013999999999999568
64,1544.0,0.004,0.9989,0.0010999999999999899
64,1545.0,0.0056,0.9984,0.0016000000000000458
64,1546.0,0.0035,0.9989,0.0010999999999999899
64,1547.0,0.003,0.9991,0.0009000000000000119
64,1548.0,0.0052,0.9984,0.0016000000000000458
64,1549.0,0.0049,0.9983,0.0017000000000000348
64,1550.0,0.0046,0.9986,0.0013999999999999568
64,1551.0,0.0047,0.9986,0.0013999999999999568
64,1552.0,0.0033,0.9989,0.0010999999999999899
64,1553.0,0.0046,0.9985,0.0014999999999999458
64,1554.0,0.0049,0.9985,0.0014999999999999458
64,1555.0,0.0046,0.9986,0.0013999999999999568
64,1556.0,0.0043,0.9986,0.0013999999999999568
64,1557.0,0.0045,0.9988,0.0011999999999999789
64,1558.0,0.0075,0.9979,0.0020999999999999908
64,1559.0,0.0041,0.9988,0.0011999999999999789
64,1560.0,0.004,0.9987,0.0012999999999999678
64,1561.0,0.0046,0.9987,0.0012999999999999678
64,1562.0,0.0037,0.9989,0.0010999999999999899
64,1563.0,0.003,0.999,0.0010000000000000009
64,1564.0,0.0055,0.9983,0.0017000000000000348
64,1565.0,0.0062,0.9981,0.0019000000000000128
64,1566.0,0.0038,0.9988,0.0011999999999999789
64,1567.0,0.0048,0.9985,0.0014999999999999458
64,1568.0,0.0063,0.9981,0.0019000000000000128
64,1569.0,0.0044,0.9984,0.0016000000000000458
64,1570.0,0.0033,0.999,0.0010000000000000009
64,1571.0,0.0052,0.9984,0.0016000000000000458
64,1572.0,0.0043,0.9988,0.0011999999999999789
64,1573.0,0.0042,0.9988,0.0011999999999999789
64,1574.0,0.0023,0.999,0.0010000000000000009
64,1575.0,0.0049,0.9985,0.0014999999999999458
64,1576.0,0.0066,0.9981,0.0019000000000000128
64,1577.0,0.0045,0.9987,0.0012999999999999678
64,1578.0,0.0035,0.9988,0.0011999999999999789
64,1579.0,0.0039,0.9989,0.0010999999999999899
64,1580.0,0.0049,0.9984,0.0016000000000000458
64,1581.0,0.0051,0.9983,0.0017000000000000348
64,1582.0,0.0048,0.9985,0.0014999999999999458
64,1583.0,0.0044,0.9986,0.0013999999999999568
64,1584.0,0.0042,0.9986,0.0013999999999999568
64,1585.0,0.0037,0.9989,0.0010999999999999899
64,1586.0,0.0037,0.9989,0.0010999999999999899
64,1587.0,0.0033,0.999,0.0010000000000000009
64,1588.0,0.003,0.999,0.0010000000000000009
64,1589.0,0.0065,0.9979,0.0020999999999999908
64,1590.0,0.0062,0.9981,0.0019000000000000128
64,1591.0,0.0041,0.9987,0.0012999999999999678
64,1592.0,0.0051,0.9985,0.0014999999999999458
64,1593.0,0.0036,0.9987,0.0012999999999999678
64,1594.0,0.0042,0.9987,0.0012999999999999678
64,1595.0,0.0076,0.9979,0.0020999999999999908
64,1596.0,0.0054,0.9986,0.0013999999999999568
64,1597.0,0.0051,0.9986,0.0013999999999999568
64,1598.0,0.0036,0.9989,0.0010999999999999899
64,1599.0,0.0043,0.9988,0.0011999999999999789
64,1600.0,0.0045,0.9988,0.0011999999999999789
64,1601.0,0.0044,0.9985,0.0014999999999999458
64,1602.0,0.0035,0.9988,0.0011999999999999789
64,1603.0,0.0039,0.9988,0.0011999999999999789
64,1604.0,0.0036,0.9988,0.0011999999999999789
64,1605.0,0.005,0.9984,0.0016000000000000458
64,1606.0,0.0038,0.9989,0.0010999999999999899
64,1607.0,0.0039,0.9988,0.0011999999999999789
64,1608.0,0.0042,0.9984,0.0016000000000000458
64,1609.0,0.005,0.9985,0.0014999999999999458
64,1610.0,0.0065,0.9981,0.0019000000000000128
64,1611.0,0.006,0.9982,0.0018000000000000238
64,1612.0,0.0042,0.9988,0.0011999999999999789
64,1613.0,0.007,0.9977,0.0022999999999999687
64,1614.0,0.0043,0.9986,0.0013999999999999568
64,1615.0,0.004,0.9989,0.0010999999999999899
64,1616.0,0.0045,0.9988,0.0011999999999999789
64,1617.0,0.0038,0.9987,0.0012999999999999678
64,1618.0,0.0053,0.9982,0.0018000000000000238
64,1619.0,0.0041,0.9986,0.0013999999999999568
64,1620.0,0.0046,0.9987,0.0012999999999999678
64,1621.0,0.0032,0.9989,0.0010999999999999899
64,1622.0,0.0043,0.9987,0.0012999999999999678
64,1623.0,0.0057,0.9984,0.0016000000000000458
64,1624.0,0.0064,0.998,0.0020000000000000018
64,1625.0,0.0045,0.9985,0.0014999999999999458
64,1626.0,0.0048,0.9984,0.0016000000000000458
64,1627.0,0.0041,0.9987,0.0012999999999999678
64,1628.0,0.0048,0.9987,0.0012999999999999678
64,1629.0,0.0049,0.9985,0.0014999999999999458
64,1630.0,0.0053,0.9987,0.0012999999999999678
64,1631.0,0.0044,0.9988,0.0011999999999999789
64,1632.0,0.0038,0.999,0.0010000000000000009
64,1633.0,0.0047,0.9986,0.0013999999999999568
64,1634.0,0.0039,0.9987,0.0012999999999999678
64,1635.0,0.0041,0.9986,0.0013999999999999568
64,1636.0,0.004,0.9988,0.0011999999999999789
64,1637.0,0.0058,0.998,0.0020000000000000018
64,1638.0,0.0058,0.9983,0.0017000000000000348
64,1639.0,0.0046,0.9987,0.0012999999999999678
64,1640.0,0.0055,0.9983,0.0017000000000000348
64,1641.0,0.004,0.9988,0.0011999999999999789
64,1642.0,0.0025,0.9992,0.0008000000000000229
64,1643.0,0.0044,0.9987,0.0012999999999999678
64,1644.0,0.0048,0.9984,0.0016000000000000458
64,1645.0,0.0056,0.9983,0.0017000000000000348
64,1646.0,0.005,0.9983,0.0017000000000000348
64,1647.0,0.0042,0.9986,0.0013999999999999568
64,1648.0,0.0043,0.9986,0.0013999999999999568
64,1649.0,0.0035,0.9988,0.0011999999999999789
64,1650.0,0.004,0.9988,0.0011999999999999789
64,1651.0,0.0043,0.9987,0.0012999999999999678
64,1652.0,0.0042,0.9986,0.0013999999999999568
64,1653.0,0.0057,0.9981,0.0019000000000000128
64,1654.0,0.0042,0.9985,0.0014999999999999458
64,1655.0,0.0035,0.9991,0.0009000000000000119
64,1656.0,0.0041,0.9989,0.0010999999999999899
64,1657.0,0.0053,0.9983,0.0017000000000000348
64,1658.0,0.0038,0.9988,0.0011999999999999789
64,1659.0,0.0031,0.9992,0.0008000000000000229
64,1660.0,0.0053,0.9983,0.0017000000000000348
64,1661.0,0.0058,0.9981,0.0019000000000000128
64,1662.0,0.0048,0.9984,0.0016000000000000458
64,1663.0,0.0041,0.9987,0.0012999999999999678
64,1664.0,0.0036,0.9989,0.0010999999999999899
64,1665.0,0.004,0.9987,0.0012999999999999678
64,1666.0,0.0044,0.9987,0.0012999999999999678
64,1667.0,0.0048,0.9985,0.0014999999999999458
64,1668.0,0.0043,0.9986,0.0013999999999999568
64,1669.0,0.0033,0.9989,0.0010999999999999899
64,1670.0,0.0044,0.9986,0.0013999999999999568
64,1671.0,0.0051,0.9985,0.0014999999999999458
64,1672.0,0.0043,0.9986,0.0013999999999999568
64,1673.0,0.0047,0.9985,0.0014999999999999458
64,1674.0,0.004,0.999,0.0010000000000000009
64,1675.0,0.0039,0.9986,0.0013999999999999568
64,1676.0,0.0046,0.9984,0.0016000000000000458
64,1677.0,0.0039,0.9988,0.0011999999999999789
64,1678.0,0.0038,0.9986,0.0013999999999999568
64,1679.0,0.0052,0.9985,0.0014999999999999458
64,1680.0,0.0062,0.9981,0.0019000000000000128
64,1681.0,0.0028,0.9991,0.0009000000000000119
64,1682.0,0.0048,0.9985,0.0014999999999999458
64,1683.0,0.0035,0.999,0.0010000000000000009
64,1684.0,0.005,0.9985,0.0014999999999999458
64,1685.0,0.0034,0.9989,0.0010999999999999899
64,1686.0,0.0044,0.9986,0.0013999999999999568
64,1687.0,0.0044,0.9986,0.0013999999999999568
64,1688.0,0.0038,0.9986,0.0013999999999999568
64,1689.0,0.0054,0.9984,0.0016000000000000458
64,1690.0,0.0048,0.9987,0.0012999999999999678
64,1691.0,0.0057,0.9983,0.0017000000000000348
64,1692.0,0.0052,0.9982,0.0018000000000000238
64,1693.0,0.0038,0.9988,0.0011999999999999789
64,1694.0,0.0038,0.9987,0.0012999999999999678
64,1695.0,0.0042,0.9989,0.0010999999999999899
64,1696.0,0.0049,0.9984,0.0016000000000000458
64,1697.0,0.0036,0.999,0.0010000000000000009
64,1698.0,0.002,0.9993,0.0007000000000000339
64,1699.0,0.0033,0.9988,0.0011999999999999789
64,1700.0,0.004,0.9986,0.0013999999999999568
64,1701.0,0.004,0.9986,0.0013999999999999568
64,1702.0,0.0054,0.9984,0.0016000000000000458
64,1703.0,0.0046,0.9985,0.0014999999999999458
64,1704.0,0.0044,0.9985,0.0014999999999999458
64,1705.0,0.0048,0.9988,0.0011999999999999789
64,1706.0,0.0027,0.9992,0.0008000000000000229
64,1707.0,0.0044,0.9987,0.0012999999999999678
64,1708.0,0.0039,0.9987,0.0012999999999999678
64,1709.0,0.0055,0.9982,0.0018000000000000238
64,1710.0,0.003,0.9989,0.0010999999999999899
64,1711.0,0.003,0.999,0.0010000000000000009
64,1712.0,0.0056,0.9983,0.0017000000000000348
64,1713.0,0.0041,0.9989,0.0010999999999999899
64,1714.0,0.0045,0.9985,0.0014999999999999458
64,1715.0,0.0044,0.9986,0.0013999999999999568
64,1716.0,0.0035,0.9989,0.0010999999999999899
64,1717.0,0.0027,0.9992,0.0008000000000000229
64,1718.0,0.0044,0.9987,0.0012999999999999678
64,1719.0,0.0055,0.9984,0.0016000000000000458
64,1720.0,0.005,0.9983,0.0017000000000000348
64,1721.0,0.0039,0.9987,0.0012999999999999678
64,1722.0,0.0024,0.9993,0.0007000000000000339
64,1723.0,0.0037,0.9988,0.0011999999999999789
64,1724.0,0.0053,0.9983,0.0017000000000000348
64,1725.0,0.0046,0.9986,0.0013999999999999568
64,1726.0,0.0051,0.9985,0.0014999999999999458
64,1727.0,0.0042,0.9988,0.0011999999999999789
64,1728.0,0.0053,0.9986,0.0013999999999999568
64,1729.0,0.0046,0.9985,0.0014999999999999458
64,1730.0,0.0041,0.9987,0.0012999999999999678
64,1731.0,0.0023,0.9994,0.0006000000000000449
64,1732.0,0.003,0.9989,0.0010999999999999899
64,1733.0,0.0049,0.9984,0.0016000000000000458
64,1734.0,0.0039,0.9987,0.0012999999999999678
64,1735.0,0.006,0.9984,0.0016000000000000458
64,1736.0,0.0055,0.9983,0.0017000000000000348
64,1737.0,0.0046,0.9986,0.0013999999999999568
64,1738.0,0.004,0.9987,0.0012999999999999678
64,1739.0,0.0039,0.9988,0.0011999999999999789
64,1740.0,0.005,0.9985,0.0014999999999999458
64,1741.0,0.0038,0.9989,0.0010999999999999899
64,1742.0,0.0032,0.9989,0.0010999999999999899
64,1743.0,0.0037,0.9988,0.0011999999999999789
64,1744.0,0.0044,0.9986,0.0013999999999999568
64,1745.0,0.0033,0.999,0.0010000000000000009
64,1746.0,0.005,0.9985,0.0014999999999999458
64,1747.0,0.0045,0.9986,0.0013999999999999568
64,1748.0,0.004,0.9988,0.0011999999999999789
64,1749.0,0.0034,0.9989,0.0010999999999999899
64,1750.0,0.0032,0.999,0.0010000000000000009
64,1751.0,0.0026,0.999,0.0010000000000000009
64,1752.0,0.005,0.9983,0.0017000000000000348
64,1753.0,0.0036,0.9989,0.0010999999999999899
64,1754.0,0.0039,0.9988,0.0011999999999999789
64,1755.0,0.0049,0.9985,0.0014999999999999458
64,1756.0,0.0034,0.999,0.0010000000000000009
64,1757.0,0.0025,0.9991,0.0009000000000000119
64,1758.0,0.0045,0.9985,0.0014999999999999458
64,1759.0,0.0048,0.9984,0.0016000000000000458
64,1760.0,0.0033,0.999,0.0010000000000000009
64,1761.0,0.0058,0.9983,0.0017000000000000348
64,1762.0,0.0046,0.9987,0.0012999999999999678
64,1763.0,0.0038,0.9989,0.0010999999999999899
64,1764.0,0.0041,0.9987,0.0012999999999999678
64,1765.0,0.0044,0.9985,0.0014999999999999458
64,1766.0,0.0042,0.9986,0.0013999999999999568
64,1767.0,0.0039,0.9987,0.0012999999999999678
64,1768.0,0.0046,0.9986,0.0013999999999999568
64,1769.0,0.0034,0.9989,0.0010999999999999899
64,1770.0,0.0028,0.9991,0.0009000000000000119
64,1771.0,0.0047,0.9986,0.0013999999999999568
64,1772.0,0.0031,0.9991,0.0009000000000000119
64,1773.0,0.0033,0.9991,0.0009000000000000119
64,1774.0,0.0034,0.9988,0.0011999999999999789
64,1775.0,0.0044,0.9988,0.0011999999999999789
64,1776.0,0.0029,0.999,0.0010000000000000009
64,1777.0,0.0047,0.9987,0.0012999999999999678
64,1778.0,0.0054,0.9983,0.0017000000000000348
64,1779.0,0.005,0.9986,0.0013999999999999568
64,1780.0,0.0047,0.9986,0.0013999999999999568
64,1781.0,0.0033,0.9989,0.0010999999999999899
64,1782.0,0.0032,0.999,0.0010000000000000009
64,1783.0,0.0062,0.9983,0.0017000000000000348
64,1784.0,0.0034,0.999,0.0010000000000000009
64,1785.0,0.0034,0.9989,0.0010999999999999899
64,1786.0,0.0029,0.9991,0.0009000000000000119
64,1787.0,0.0025,0.9993,0.0007000000000000339
64,1788.0,0.0043,0.9985,0.0014999999999999458
64,1789.0,0.0049,0.9985,0.0014999999999999458
64,1790.0,0.0048,0.9983,0.0017000000000000348
64,1791.0,0.005,0.9984,0.0016000000000000458
64,1792.0,0.0039,0.9988,0.0011999999999999789
64,1793.0,0.0038,0.9987,0.0012999999999999678
64,1794.0,0.0041,0.9988,0.0011999999999999789
64,1795.0,0.0044,0.9987,0.0012999999999999678
64,1796.0,0.0044,0.9986,0.0013999999999999568
64,1797.0,0.004,0.9988,0.0011999999999999789
64,1798.0,0.0031,0.999,0.0010000000000000009
64,1799.0,0.0029,0.9989,0.0010999999999999899
64,1800.0,0.0062,0.9984,0.0016000000000000458
64,1801.0,0.0041,0.9989,0.0010999999999999899
64,1802.0,0.0044,0.9989,0.0010999999999999899
64,1803.0,0.0026,0.9991,0.0009000000000000119
64,1804.0,0.0042,0.9989,0.0010999999999999899
64,1805.0,0.0053,0.9985,0.0014999999999999458
64,1806.0,0.0039,0.9988,0.0011999999999999789
64,1807.0,0.0039,0.9985,0.0014999999999999458
64,1808.0,0.0038,0.9988,0.0011999999999999789
64,1809.0,0.0052,0.9987,0.0012999999999999678
64,1810.0,0.0041,0.9987,0.0012999999999999678
64,1811.0,0.0037,0.9987,0.0012999999999999678
64,1812.0,0.003,0.9989,0.0010999999999999899
64,1813.0,0.0041,0.9987,0.0012999999999999678
64,1814.0,0.0047,0.9987,0.0012999999999999678
64,1815.0,0.0042,0.9987,0.0012999999999999678
64,1816.0,0.0024,0.9991,0.0009000000000000119
64,1817.0,0.0037,0.9988,0.0011999999999999789
64,1818.0,0.0055,0.9984,0.0016000000000000458
64,1819.0,0.005,0.9985,0.0014999999999999458
64,1820.0,0.004,0.9984,0.0016000000000000458
64,1821.0,0.0046,0.9987,0.0012999999999999678
64,1822.0,0.0037,0.9988,0.0011999999999999789
64,1823.0,0.0037,0.9989,0.0010999999999999899
64,1824.0,0.0025,0.9991,0.0009000000000000119
64,1825.0,0.0033,0.9991,0.0009000000000000119
64,1826.0,0.0051,0.9984,0.0016000000000000458
64,1827.0,0.0041,0.9986,0.0013999999999999568
64,1828.0,0.003,0.9991,0.0009000000000000119
64,1829.0,0.004,0.9989,0.0010999999999999899
64,1830.0,0.005,0.9985,0.0014999999999999458
64,1831.0,0.0049,0.9985,0.0014999999999999458
64,1832.0,0.0065,0.9982,0.0018000000000000238
64,1833.0,0.0031,0.999,0.0010000000000000009
64,1834.0,0.0032,0.9991,0.0009000000000000119
64,1835.0,0.0023,0.9992,0.0008000000000000229
64,1836.0,0.0034,0.9989,0.0010999999999999899
64,1837.0,0.0027,0.9991,0.0009000000000000119
64,1838.0,0.004,0.999,0.0010000000000000009
64,1839.0,0.0053,0.9983,0.0017000000000000348
64,1840.0,0.0059,0.9987,0.0012999999999999678
64,1841.0,0.0046,0.9985,0.0014999999999999458
64,1842.0,0.0036,0.9987,0.0012999999999999678
64,1843.0,0.0041,0.9989,0.0010999999999999899
64,1844.0,0.004,0.9988,0.0011999999999999789
64,1845.0,0.0036,0.9989,0.0010999999999999899
64,1846.0,0.003,0.999,0.0010000000000000009
64,1847.0,0.0028,0.9991,0.0009000000000000119
64,1848.0,0.0031,0.9991,0.0009000000000000119
64,1849.0,0.0039,0.9988,0.0011999999999999789
64,1850.0,0.0047,0.9988,0.0011999999999999789
64,1851.0,0.0056,0.9982,0.0018000000000000238
64,1852.0,0.004,0.9987,0.0012999999999999678
64,1853.0,0.0045,0.9985,0.0014999999999999458
64,1854.0,0.0025,0.9992,0.0008000000000000229
64,1855.0,0.0046,0.9987,0.0012999999999999678
64,1856.0,0.004,0.9988,0.0011999999999999789
64,1857.0,0.0035,0.9989,0.0010999999999999899
64,1858.0,0.0036,0.9989,0.0010999999999999899
64,1859.0,0.0035,0.999,0.0010000000000000009
64,1860.0,0.004,0.9986,0.0013999999999999568
64,1861.0,0.0028,0.999,0.0010000000000000009
64,1862.0,0.004,0.9986,0.0013999999999999568
64,1863.0,0.0044,0.9985,0.0014999999999999458
64,1864.0,0.0035,0.9987,0.0012999999999999678
64,1865.0,0.0027,0.999,0.0010000000000000009
64,1866.0,0.0033,0.9989,0.0010999999999999899
64,1867.0,0.0039,0.9988,0.0011999999999999789
64,1868.0,0.0041,0.9987,0.0012999999999999678
64,1869.0,0.004,0.9988,0.0011999999999999789
64,1870.0,0.0029,0.9991,0.0009000000000000119
64,1871.0,0.0018,0.9994,0.0006000000000000449
64,1872.0,0.0049,0.9985,0.0014999999999999458
64,1873.0,0.0049,0.9984,0.0016000000000000458
64,1874.0,0.0051,0.9982,0.0018000000000000238
64,1875.0,0.0042,0.9986,0.0013999999999999568
64,1876.0,0.004,0.9987,0.0012999999999999678
64,1877.0,0.003,0.9989,0.0010999999999999899
64,1878.0,0.0033,0.9988,0.0011999999999999789
64,1879.0,0.0025,0.9992,0.0008000000000000229
64,1880.0,0.0037,0.9989,0.0010999999999999899
64,1881.0,0.0041,0.9989,0.0010999999999999899
64,1882.0,0.0032,0.9988,0.0011999999999999789
64,1883.0,0.0064,0.9984,0.0016000000000000458
64,1884.0,0.0045,0.9987,0.0012999999999999678
64,1885.0,0.0033,0.9989,0.0010999999999999899
64,1886.0,0.0037,0.999,0.0010000000000000009
64,1887.0,0.004,0.9988,0.0011999999999999789
64,1888.0,0.0035,0.9989,0.0010999999999999899
64,1889.0,0.0025,0.9992,0.0008000000000000229
64,1890.0,0.0044,0.9988,0.0011999999999999789
64,1891.0,0.0052,0.9984,0.0016000000000000458
64,1892.0,0.0036,0.9989,0.0010999999999999899
64,1893.0,0.0047,0.9986,0.0013999999999999568
64,1894.0,0.0027,0.9989,0.0010999999999999899
64,1895.0,0.0042,0.9986,0.0013999999999999568
64,1896.0,0.0043,0.9986,0.0013999999999999568
64,1897.0,0.004,0.9987,0.0012999999999999678
64,1898.0,0.0029,0.999,0.0010000000000000009
64,1899.0,0.002,0.9994,0.0006000000000000449
64,1900.0,0.0043,0.9986,0.0013999999999999568
64,1901.0,0.0046,0.9986,0.0013999999999999568
64,1902.0,0.0031,0.999,0.0010000000000000009
64,1903.0,0.0044,0.9986,0.0013999999999999568
64,1904.0,0.005,0.9987,0.0012999999999999678
64,1905.0,0.0056,0.9982,0.0018000000000000238
64,1906.0,0.0039,0.9989,0.0010999999999999899
64,1907.0,0.0033,0.9988,0.0011999999999999789
64,1908.0,0.0028,0.9992,0.0008000000000000229
64,1909.0,0.0019,0.9994,0.0006000000000000449
64,1910.0,0.0026,0.9993,0.0007000000000000339
64,1911.0,0.0034,0.999,0.0010000000000000009
64,1912.0,0.0061,0.9982,0.0018000000000000238
64,1913.0,0.0039,0.9986,0.0013999999999999568
64,1914.0,0.0025,0.9991,0.0009000000000000119
64,1915.0,0.0044,0.9987,0.0012999999999999678
64,1916.0,0.004,0.9985,0.0014999999999999458
64,1917.0,0.0035,0.999,0.0010000000000000009
64,1918.0,0.0042,0.9987,0.0012999999999999678
64,1919.0,0.0033,0.999,0.0010000000000000009
64,1920.0,0.0048,0.9984,0.0016000000000000458
64,1921.0,0.0053,0.9983,0.0017000000000000348
64,1922.0,0.003,0.9989,0.0010999999999999899
64,1923.0,0.0029,0.999,0.0010000000000000009
64,1924.0,0.0041,0.9989,0.0010999999999999899
64,1925.0,0.0044,0.9987,0.0012999999999999678
64,1926.0,0.0033,0.999,0.0010000000000000009
64,1927.0,0.0029,0.9992,0.0008000000000000229
64,1928.0,0.0029,0.999,0.0010000000000000009
64,1929.0,0.0036,0.9988,0.0011999999999999789
64,1930.0,0.0031,0.9989,0.0010999999999999899
64,1931.0,0.0055,0.9983,0.0017000000000000348
64,1932.0,0.0036,0.9989,0.0010999999999999899
64,1933.0,0.0042,0.9989,0.0010999999999999899
64,1934.0,0.004,0.999,0.0010000000000000009
64,1935.0,0.0034,0.9989,0.0010999999999999899
64,1936.0,0.0034,0.9989,0.0010999999999999899
64,1937.0,0.0045,0.9987,0.0012999999999999678
64,1938.0,0.0044,0.9986,0.0013999999999999568
64,1939.0,0.0042,0.9989,0.0010999999999999899
64,1940.0,0.0039,0.9987,0.0012999999999999678
64,1941.0,0.0036,0.9989,0.0010999999999999899
64,1942.0,0.0041,0.9987,0.0012999999999999678
64,1943.0,0.0049,0.9985,0.0014999999999999458
64,1944.0,0.0038,0.999,0.0010000000000000009
64,1945.0,0.0043,0.9987,0.0012999999999999678
64,1946.0,0.004,0.9987,0.0012999999999999678
64,1947.0,0.0048,0.9987,0.0012999999999999678
64,1948.0,0.0035,0.999,0.0010000000000000009
64,1949.0,0.0027,0.999,0.0010000000000000009
64,1950.0,0.0042,0.9988,0.0011999999999999789
64,1951.0,0.0034,0.9988,0.0011999999999999789
64,1952.0,0.0041,0.9986,0.0013999999999999568
64,1953.0,0.0024,0.9993,0.0007000000000000339
64,1954.0,0.0033,0.9991,0.0009000000000000119
64,1955.0,0.0038,0.9989,0.0010999999999999899
64,1956.0,0.004,0.9988,0.0011999999999999789
64,1957.0,0.0037,0.9991,0.0009000000000000119
64,1958.0,0.0044,0.9987,0.0012999999999999678
64,1959.0,0.0067,0.9979,0.0020999999999999908
64,1960.0,0.0035,0.9989,0.0010999999999999899
64,1961.0,0.0029,0.9991,0.0009000000000000119
64,1962.0,0.0026,0.9991,0.0009000000000000119
64,1963.0,0.0037,0.9987,0.0012999999999999678
64,1964.0,0.0044,0.9986,0.0013999999999999568
64,1965.0,0.0044,0.9987,0.0012999999999999678
64,1966.0,0.0032,0.9989,0.0010999999999999899
64,1967.0,0.0038,0.9988,0.0011999999999999789
64,1968.0,0.0026,0.9991,0.0009000000000000119
64,1969.0,0.0034,0.9989,0.0010999999999999899
64,1970.0,0.0042,0.9988,0.0011999999999999789
64,1971.0,0.0032,0.9991,0.0009000000000000119
64,1972.0,0.0024,0.9994,0.0006000000000000449
64,1973.0,0.0037,0.999,0.0010000000000000009
64,1974.0,0.0049,0.9984,0.0016000000000000458
64,1975.0,0.0059,0.9984,0.0016000000000000458
64,1976.0,0.0034,0.9989,0.0010999999999999899
64,1977.0,0.0029,0.9992,0.0008000000000000229
64,1978.0,0.0026,0.9993,0.0007000000000000339
64,1979.0,0.003,0.9991,0.0009000000000000119
64,1980.0,0.0044,0.9988,0.0011999999999999789
64,1981.0,0.0037,0.9988,0.0011999999999999789
64,1982.0,0.0044,0.999,0.0010000000000000009
64,1983.0,0.0034,0.9989,0.0010999999999999899
64,1984.0,0.0039,0.9989,0.0010999999999999899
64,1985.0,0.0032,0.9991,0.0009000000000000119
64,1986.0,0.0034,0.9989,0.0010999999999999899
64,1987.0,0.0023,0.9992,0.0008000000000000229
64,1988.0,0.0045,0.9989,0.0010999999999999899
64,1989.0,0.0039,0.9989,0.0010999999999999899
64,1990.0,0.0041,0.9987,0.0012999999999999678
64,1991.0,0.004,0.9986,0.0013999999999999568
64,1992.0,0.004,0.9988,0.0011999999999999789
64,1993.0,0.0041,0.999,0.0010000000000000009
64,1994.0,0.0035,0.9989,0.0010999999999999899
64,1995.0,0.0035,0.9988,0.0011999999999999789
64,1996.0,0.0039,0.9989,0.0010999999999999899
64,1997.0,0.0031,0.9991,0.0009000000000000119
64,1998.0,0.0046,0.9987,0.0012999999999999678
64,1999.0,0.003,0.9991,0.0009000000000000119
64,2000.0,0.003,0.999,0.0010000000000000009
