"┌─────────────────────────────────────────────────────────────────────────────────────────────────────────────────────────────────────────────┐
│  Modelo: 2NN  |  dataset: MNIST(4000/1000) | data_augmentation: no | noise: 0.1 | batch_size: 256 | learning_rate: default | epochs: 1000  │
└─────────────────────────────────────────────────────────────────────────────────────────────────────────────────────────────────────────────┘"

subset,units,epoch,train_loss,train_accuracy,train_error
subset_1,1.0,1000.0,1.765303999185562,0.30825,0.69175
subset_1,2.0,1000.0,1.2678522318601608,0.6485,0.35150000000000003
subset_1,3.0,1000.0,0.9540116004645824,0.75325,0.24675000000000002
subset_1,4.0,1000.0,0.9337928369641304,0.7615,0.23850000000000005
subset_1,5.0,1000.0,0.7090478464961052,0.82575,0.17425000000000002
subset_1,6.0,1000.0,0.4212621599435806,0.89525,0.10475000000000001
subset_1,7.0,1000.0,0.3394050877541303,0.9195,0.08050000000000002
subset_1,8.0,1000.0,0.3933273497968912,0.902,0.09799999999999998
subset_1,9.0,1000.0,0.215583155862987,0.95225,0.04774999999999996
subset_1,10.0,1000.0,0.0724350372329354,0.99125,0.008750000000000036
subset_1,11.0,1000.0,0.0491973212920129,0.99375,0.006249999999999978
subset_1,12.0,1000.0,0.0191020016791299,0.99825,0.0017500000000000293
subset_1,13.0,1000.0,0.0030096881382633,1.0,0.0
subset_1,14.0,1000.0,0.0042417447111802,1.0,0.0
subset_1,15.0,1000.0,0.0023398277480737,1.0,0.0
subset_1,16.0,1000.0,0.0757323713041842,0.975,0.025000000000000022
subset_1,17.0,1000.0,0.0006416516371245,1.0,0.0
subset_1,18.0,1000.0,0.0004154055768594,1.0,0.0
subset_1,19.0,1000.0,0.000117880338621,1.0,0.0
subset_1,20.0,1000.0,0.0004346175974205,1.0,0.0
subset_1,21.0,1000.0,0.0002640879465616,1.0,0.0
subset_1,22.0,1000.0,7.159903543652035e-05,1.0,0.0
subset_1,23.0,1000.0,0.0002581369872132,1.0,0.0
subset_1,24.0,1000.0,0.0003092729466516,1.0,0.0
subset_1,25.0,1000.0,3.569388354662806e-05,1.0,0.0
subset_1,26.0,1000.0,7.979279712344578e-05,1.0,0.0
subset_1,27.0,1000.0,0.0002556948675191,1.0,0.0
subset_1,28.0,1000.0,0.0002260816154375,1.0,0.0
subset_1,29.0,1000.0,9.51864124090207e-05,1.0,0.0
subset_1,30.0,1000.0,8.396363909923821e-05,1.0,0.0
subset_1,31.0,1000.0,0.000214052537558,1.0,0.0
subset_1,32.0,1000.0,1.1786620802922698e-05,1.0,0.0
subset_1,33.0,1000.0,0.0001115491349992,1.0,0.0
subset_1,34.0,1000.0,0.0001629903244975,1.0,0.0
subset_1,35.0,1000.0,0.0001104958626001,1.0,0.0
subset_1,36.0,1000.0,1.2189571350518236e-05,1.0,0.0
subset_1,37.0,1000.0,0.0001914591048262,1.0,0.0
subset_1,38.0,1000.0,4.885723637926276e-05,1.0,0.0
subset_1,39.0,1000.0,1.0868906770156173e-05,1.0,0.0
subset_1,40.0,1000.0,4.62487296317704e-05,1.0,0.0
subset_1,41.0,1000.0,6.606323722735397e-06,1.0,0.0
subset_1,42.0,1000.0,9.02993303952826e-06,1.0,0.0
subset_1,43.0,1000.0,0.0001354313085357,1.0,0.0
subset_1,44.0,1000.0,6.562377109275985e-06,1.0,0.0
subset_1,45.0,1000.0,6.136652217492156e-06,1.0,0.0
subset_1,46.0,1000.0,5.197402103362947e-06,1.0,0.0
subset_1,47.0,1000.0,5.731513141427058e-06,1.0,0.0
subset_1,48.0,1000.0,5.345521913113771e-06,1.0,0.0
subset_1,49.0,1000.0,4.852624641671355e-06,1.0,0.0
subset_1,50.0,1000.0,4.588160066987257e-06,1.0,0.0
subset_1,60.0,1000.0,3.921435506981652e-05,1.0,0.0
subset_1,70.0,1000.0,2.3496980929849087e-06,1.0,0.0
subset_1,80.0,1000.0,2.4845952566465712e-05,1.0,0.0
subset_1,90.0,1000.0,1.6788213201834878e-06,1.0,0.0
subset_1,100.0,1000.0,6.842996583600325e-06,1.0,0.0
subset_1,110.0,1000.0,3.567189395425885e-06,1.0,0.0
subset_1,120.0,1000.0,1.262080772335139e-06,1.0,0.0
subset_1,130.0,1000.0,2.229500339012702e-06,1.0,0.0
subset_1,140.0,1000.0,4.416039203647415e-06,1.0,0.0
subset_1,150.0,1000.0,8.649627680767935e-07,1.0,0.0
subset_1,160.0,1000.0,8.907528545876175e-07,1.0,0.0
subset_1,170.0,1000.0,7.238104551277047e-07,1.0,0.0
subset_1,180.0,1000.0,6.855270520134127e-07,1.0,0.0
subset_1,190.0,1000.0,1.4925325118042565e-06,1.0,0.0
subset_1,200.0,1000.0,6.292057346257707e-07,1.0,0.0
subset_2,1.0,1000.0,1.8011078760027883,0.33825,0.6617500000000001
subset_2,2.0,1000.0,1.8025095760822296,0.305,0.6950000000000001
subset_2,3.0,1000.0,1.0333633236587048,0.66425,0.33575
subset_2,4.0,1000.0,1.0368123948574066,0.7125,0.2875
subset_2,5.0,1000.0,0.5683868788182735,0.86225,0.13775000000000004
subset_2,6.0,1000.0,0.4687348157167434,0.87775,0.12224999999999997
subset_2,7.0,1000.0,0.2966083586215973,0.9295,0.07050000000000001
subset_2,8.0,1000.0,0.3446495346724987,0.9125,0.08750000000000002
subset_2,9.0,1000.0,0.1547948913648724,0.96975,0.03025
subset_2,10.0,1000.0,0.1910356944426894,0.95625,0.043749999999999956
subset_2,11.0,1000.0,0.0492873857729136,0.99225,0.007750000000000035
subset_2,12.0,1000.0,0.1186948656104505,0.97425,0.02575000000000005
subset_2,13.0,1000.0,0.0178952033165842,0.99925,0.0007500000000000284
subset_2,14.0,1000.0,0.0166823000181466,0.99875,0.0012499999999999734
subset_2,15.0,1000.0,0.0046859550348017,1.0,0.0
subset_2,16.0,1000.0,0.0021862727589905,1.0,0.0
subset_2,17.0,1000.0,0.0012018717388855,1.0,0.0
subset_2,18.0,1000.0,0.0006032016972312,1.0,0.0
subset_2,19.0,1000.0,0.0006092063686082,1.0,0.0
subset_2,20.0,1000.0,0.0005341278119885,1.0,0.0
subset_2,21.0,1000.0,0.0005668346493621,1.0,0.0
subset_2,22.0,1000.0,0.0007697841647313,1.0,0.0
subset_2,23.0,1000.0,0.0002477214284226,1.0,0.0
subset_2,24.0,1000.0,0.0003352567255205,1.0,0.0
subset_2,25.0,1000.0,0.0003398338612896,1.0,0.0
subset_2,26.0,1000.0,0.0003261581314291,1.0,0.0
subset_2,27.0,1000.0,3.994031749243732e-05,1.0,0.0
subset_2,28.0,1000.0,0.0001268335818167,1.0,0.0
subset_2,29.0,1000.0,0.0001219708356074,1.0,0.0
subset_2,30.0,1000.0,0.0001170466339317,1.0,0.0
subset_2,31.0,1000.0,1.366126667790013e-05,1.0,0.0
subset_2,32.0,1000.0,0.000155668833031,1.0,0.0
subset_2,33.0,1000.0,2.3530465682597423e-05,1.0,0.0
subset_2,34.0,1000.0,1.5257966026638314e-05,1.0,0.0
subset_2,35.0,1000.0,1.5342978315402434e-05,1.0,0.0
subset_2,36.0,1000.0,0.0001228917617481,1.0,0.0
subset_2,37.0,1000.0,0.0001038327077367,1.0,0.0
subset_2,38.0,1000.0,8.996985752673936e-05,1.0,0.0
subset_2,39.0,1000.0,1.4270140809458098e-05,1.0,0.0
subset_2,40.0,1000.0,9.036121809913311e-06,1.0,0.0
subset_2,41.0,1000.0,0.0001157083779617,1.0,0.0
subset_2,42.0,1000.0,9.242921305485652e-05,1.0,0.0
subset_2,43.0,1000.0,8.236515895987395e-06,1.0,0.0
subset_2,44.0,1000.0,5.9468922245287104e-05,1.0,0.0
subset_2,45.0,1000.0,5.213300255491049e-06,1.0,0.0
subset_2,46.0,1000.0,7.666042677101359e-06,1.0,0.0
subset_2,47.0,1000.0,8.476045707084268e-06,1.0,0.0
subset_2,48.0,1000.0,5.357516855042377e-06,1.0,0.0
subset_2,49.0,1000.0,5.633515399949829e-06,1.0,0.0
subset_2,50.0,1000.0,5.521904569150138e-06,1.0,0.0
subset_2,60.0,1000.0,4.358808084248267e-06,1.0,0.0
subset_2,70.0,1000.0,3.212980786315711e-06,1.0,0.0
subset_2,80.0,1000.0,8.661163548140394e-06,1.0,0.0
subset_2,90.0,1000.0,7.266245518167125e-06,1.0,0.0
subset_2,100.0,1000.0,2.6892055529970094e-05,1.0,0.0
subset_2,110.0,1000.0,1.506175777876706e-06,1.0,0.0
subset_2,120.0,1000.0,1.2191656892923677e-06,1.0,0.0
subset_2,130.0,1000.0,1.1884437824960514e-06,1.0,0.0
subset_2,140.0,1000.0,1.1033149469596992e-06,1.0,0.0
subset_2,150.0,1000.0,1.0733327613365873e-06,1.0,0.0
subset_2,160.0,1000.0,9.367736133469862e-07,1.0,0.0
subset_2,170.0,1000.0,8.527453267959118e-07,1.0,0.0
subset_2,180.0,1000.0,8.652124563468533e-07,1.0,0.0
subset_2,190.0,1000.0,8.565230267265633e-07,1.0,0.0
subset_2,200.0,1000.0,6.995031327505785e-07,1.0,0.0
subset_3,1.0,1000.0,1.7752335369586945,0.32225,0.6777500000000001
subset_3,2.0,1000.0,1.307115726172924,0.59225,0.40774999999999995
subset_3,3.0,1000.0,0.9722876623272896,0.7415,0.25849999999999995
subset_3,4.0,1000.0,1.0121221207082272,0.736,0.264
subset_3,5.0,1000.0,0.5856185667216778,0.84575,0.15425
subset_3,6.0,1000.0,0.7156535312533379,0.822,0.17800000000000005
subset_3,7.0,1000.0,0.2901697093620896,0.93625,0.06374999999999997
subset_3,8.0,1000.0,0.4020991772413254,0.906,0.09399999999999997
subset_3,9.0,1000.0,0.1701737390831113,0.963,0.03700000000000003
subset_3,10.0,1000.0,0.094405991025269,0.98375,0.016249999999999987
subset_3,11.0,1000.0,0.0524383147712796,0.9955,0.0044999999999999485
subset_3,12.0,1000.0,0.0109392459562513,0.9995,0.0004999999999999449
subset_3,13.0,1000.0,0.0104880933358799,0.99925,0.0007500000000000284
subset_3,14.0,1000.0,0.0057972344366135,1.0,0.0
subset_3,15.0,1000.0,0.004546562951873,0.99975,0.00024999999999997247
subset_3,16.0,1000.0,0.0011804037530964,1.0,0.0
subset_3,17.0,1000.0,0.0012764360071741,1.0,0.0
subset_3,18.0,1000.0,0.0003818586792476,1.0,0.0
subset_3,19.0,1000.0,0.00072525332871,1.0,0.0
subset_3,20.0,1000.0,0.0006093281735957,1.0,0.0
subset_3,21.0,1000.0,0.0001276540720027,1.0,0.0
subset_3,22.0,1000.0,0.0005569515833485,1.0,0.0
subset_3,23.0,1000.0,0.0010081809159601,1.0,0.0
subset_3,24.0,1000.0,0.0004304499016143,1.0,0.0
subset_3,25.0,1000.0,0.0004316070062486,1.0,0.0
subset_3,26.0,1000.0,0.0001796945580281,1.0,0.0
subset_3,27.0,1000.0,0.0009067326172953,1.0,0.0
subset_3,28.0,1000.0,0.0002862528444893,1.0,0.0
subset_3,29.0,1000.0,0.0001505880723016,1.0,0.0
subset_3,30.0,1000.0,2.5328279548375576e-05,1.0,0.0
subset_3,31.0,1000.0,8.58253247315588e-05,1.0,0.0
subset_3,32.0,1000.0,9.078612583834912e-05,1.0,0.0
subset_3,33.0,1000.0,0.0001826318302846,1.0,0.0
subset_3,34.0,1000.0,0.0001928560950545,1.0,0.0
subset_3,35.0,1000.0,0.000271076255558,1.0,0.0
subset_3,36.0,1000.0,0.0001011046892926,1.0,0.0
subset_3,37.0,1000.0,0.0001138607372013,1.0,0.0
subset_3,38.0,1000.0,5.422736035143316e-05,1.0,0.0
subset_3,39.0,1000.0,8.39147232909454e-05,1.0,0.0
subset_3,40.0,1000.0,8.123484394673142e-05,1.0,0.0
subset_3,41.0,1000.0,8.53751303111494e-05,1.0,0.0
subset_3,42.0,1000.0,8.088795834737539e-05,1.0,0.0
subset_3,43.0,1000.0,7.770561569486745e-05,1.0,0.0
subset_3,44.0,1000.0,5.360339741855569e-05,1.0,0.0
subset_3,45.0,1000.0,5.801243219138996e-06,1.0,0.0
subset_3,46.0,1000.0,0.0001217253879985,1.0,0.0
subset_3,47.0,1000.0,8.751374167559334e-06,1.0,0.0
subset_3,48.0,1000.0,0.0002995897166329,1.0,0.0
subset_3,49.0,1000.0,6.654816047557688e-05,1.0,0.0
subset_3,50.0,1000.0,2.500599248378421e-05,1.0,0.0
subset_3,60.0,1000.0,4.1801071830605e-06,1.0,0.0
subset_3,70.0,1000.0,5.127790723236103e-05,1.0,0.0
subset_3,80.0,1000.0,2.1371571747863527e-06,1.0,0.0
subset_3,90.0,1000.0,1.874661734291294e-06,1.0,0.0
subset_3,100.0,1000.0,2.790493772408809e-05,1.0,0.0
subset_3,110.0,1000.0,2.5467272052992485e-05,1.0,0.0
subset_3,120.0,1000.0,2.048137696419872e-05,1.0,0.0
subset_3,130.0,1000.0,2.8070766916243883e-05,1.0,0.0
subset_3,140.0,1000.0,1.0795673368590997e-06,1.0,0.0
subset_3,150.0,1000.0,2.261138934045448e-05,1.0,0.0
subset_3,160.0,1000.0,8.54217358181586e-07,1.0,0.0
subset_3,170.0,1000.0,8.374948059497456e-07,1.0,0.0
subset_3,180.0,1000.0,7.810971993649218e-07,1.0,0.0
subset_3,190.0,1000.0,7.513707434014805e-07,1.0,0.0
subset_3,200.0,1000.0,5.961751810446003e-06,1.0,0.0
"La ejecución ha durado 53 hora(s), 8 minuto(s) y 17 segundo(s).",,,,,
