"┌─────────────────────────────────────────────────────────────────────────────────────────────────────────────────────────────────────────────┐
│  Modelo: 2NN  |  dataset: MNIST(8000/1000) | data_augmentation: no | noise: 0.1 | batch_size: 256 | learning_rate: default | epochs: 1000  │
└─────────────────────────────────────────────────────────────────────────────────────────────────────────────────────────────────────────────┘"

units,epoch,train_loss,train_accuracy,train_error
1,1000,1.7794980742037296,0.3625,0.6375
2,1000,1.337581306695938,0.618875,0.38112500000000005
3,1000,1.0503628998994827,0.734125,0.265875
4,1000,1.033919746056199,0.7295,0.27049999999999996
5,1000,0.8700784370303154,0.7795,0.22050000000000003
6,1000,0.6177260503172874,0.85225,0.14775000000000005
7,1000,0.5499240551143885,0.8615,0.13849999999999996
8,1000,0.5429604724049568,0.871375,0.128625
9,1000,0.507085544988513,0.873625,0.12637500000000002
10,1000,0.3337042471393943,0.91075,0.08925000000000005
11,1000,0.3690681345760822,0.900625,0.09937499999999999
12,1000,0.251497876830399,0.93625,0.06374999999999997
13,1000,0.2140082861296832,0.94575,0.05425000000000002
14,1000,0.1745178287383169,0.961,0.039000000000000035
15,1000,0.0771983647719025,0.98425,0.015750000000000042
16,1000,0.0679656199645251,0.989375,0.010624999999999996
17,1000,0.0172784477181267,0.998,0.0020000000000000018
18,1000,0.0181876383139751,0.999125,0.0008749999999999591
19,1000,0.0220587242802139,0.998,0.0020000000000000018
20,1000,0.0048272419444401,1.0,0.0
21,1000,0.0044826188532169,0.999875,0.00012500000000004174
22,1000,0.0029247881466289,1.0,0.0
23,1000,0.002689496588573,1.0,0.0
24,1000,0.0023825168464099,1.0,0.0
25,1000,0.0014149349553918,1.0,0.0
26,1000,0.0022970339232415,1.0,0.0
27,1000,0.0016079853012342,1.0,0.0
28,1000,0.0008601768877269,1.0,0.0
29,1000,0.0010625034155964,1.0,0.0
30,1000,0.0008562794264435,1.0,0.0
31,1000,0.0007965960339788,1.0,0.0
32,1000,0.00074388464418,1.0,0.0
33,1000,0.000469969567348,1.0,0.0
34,1000,0.0007340044448937,1.0,0.0
35,1000,0.0007829444275557,1.0,0.0
36,1000,0.000378461591481,1.0,0.0
37,1000,0.0003875954789691,1.0,0.0
38,1000,0.0003740969686987,1.0,0.0
39,1000,0.0003191449691257,1.0,0.0
40,1000,0.0002058119805496,1.0,0.0
41,1000,0.0002544203030083,1.0,0.0
42,1000,0.000290609167223,1.0,0.0
43,1000,0.0706028931308537,0.97425,0.02575000000000005
44,1000,0.000361709217941,1.0,0.0
45,1000,0.0005567540756601,1.0,0.0
46,1000,0.0002041446646217,1.0,0.0
47,1000,0.0001879469102732,1.0,0.0
48,1000,0.000263990449639,1.0,0.0
49,1000,0.000179179401357,1.0,0.0
50,1000,0.0001779405770321,1.0,0.0
51,1000,0.0002896367698212,1.0,0.0
52,1000,0.0001826562254336,1.0,0.0
53,1000,0.0001992097274978,1.0,0.0
54,1000,0.0001015289559518,1.0,0.0
55,1000,0.0001294103869895,1.0,0.0
56,1000,7.14996491524289e-05,1.0,0.0
57,1000,0.0002203457197538,1.0,0.0
58,1000,0.0001379452694436,1.0,0.0
59,1000,0.0001042906339989,1.0,0.0
60,1000,0.0001218056984271,1.0,0.0
61,1000,7.7144706551735e-05,1.0,0.0
62,1000,0.0001223840051807,1.0,0.0
63,1000,5.776105274435395e-05,1.0,0.0
64,1000,5.922253785684006e-05,1.0,0.0
65,1000,0.0001038286229686,1.0,0.0
66,1000,8.022784334116295e-05,1.0,0.0
67,1000,0.0001787817539025,1.0,0.0
68,1000,0.0001647059623337,1.0,0.0
69,1000,0.0002464465533194,1.0,0.0
70,1000,8.115982632261876e-05,1.0,0.0
71,1000,7.962767824665207e-05,1.0,0.0
72,1000,0.0001843342870415,1.0,0.0
73,1000,0.0001006434063128,1.0,0.0
74,1000,5.413346639215888e-05,1.0,0.0
75,1000,0.0005629706834042,1.0,0.0
76,1000,4.360215802989842e-05,1.0,0.0
77,1000,4.4720156665789546e-05,1.0,0.0
78,1000,7.343448464780522e-05,1.0,0.0
79,1000,6.230365818282735e-05,1.0,0.0
80,1000,6.11549445466153e-05,1.0,0.0
81,1000,4.258236180021413e-05,1.0,0.0
82,1000,7.080430805217475e-05,1.0,0.0
83,1000,8.736316999602423e-05,1.0,0.0
84,1000,6.832927113009646e-05,1.0,0.0
85,1000,6.082597292333958e-05,1.0,0.0
86,1000,0.0001248114119789,1.0,0.0
87,1000,3.623220459303411e-05,1.0,0.0
88,1000,8.872555031302909e-05,1.0,0.0
89,1000,9.625769052945544e-05,1.0,0.0
90,1000,4.029888407330873e-05,1.0,0.0
91,1000,4.332995621325608e-05,1.0,0.0
92,1000,5.6899073115346255e-05,1.0,0.0
93,1000,7.348460815137514e-05,1.0,0.0
94,1000,6.763994008451846e-05,1.0,0.0
95,1000,5.693630771475e-05,1.0,0.0
96,1000,7.792196595346468e-05,1.0,0.0
97,1000,0.0001139995752055,1.0,0.0
98,1000,2.312797153081192e-05,1.0,0.0
99,1000,0.0001391884572967,1.0,0.0
100,1000,4.131178172883665e-05,1.0,0.0
