"┌────────────────────────────────────────────────────────────────────────────────────────────────────────────────────────────────────────────────┐
│  Modelo: ResNet18 (k=64)  |  dataset: CIFAR10 | data_augmentation: no | noise: 0.2 | batch_size: 128 | learning_rate: default | epochs: 2000  │
└────────────────────────────────────────────────────────────────────────────────────────────────────────────────────────────────────────────────┘"

units,epochs,train_loss,train_accuracy,train_error
64,1,1.9445,0.3333,0.6667000000000001
64,2,1.6737,0.4508,0.5492
64,3,1.4887,0.5213,0.4787
64,4,1.2815,0.5906,0.4094
64,5,1.0313,0.6728,0.32720000000000005
64,6,0.7535,0.7592,0.24080000000000001
64,7,0.4798,0.8492,0.15080000000000005
64,8,0.3174,0.9003,0.09970000000000001
64,9,0.2275,0.9285,0.07150000000000001
64,10,0.1949,0.9362,0.06379999999999997
64,11,0.1705,0.9441,0.05589999999999995
64,12,0.1596,0.947,0.05300000000000005
64,13,0.1588,0.9468,0.053200000000000025
64,14,0.1434,0.9517,0.04830000000000001
64,15,0.1312,0.9561,0.04390000000000005
64,16,0.1095,0.9642,0.035800000000000054
64,17,0.12,0.9598,0.040200000000000014
64,18,0.1357,0.9541,0.04590000000000005
64,19,0.1104,0.9644,0.035599999999999965
64,20,0.0814,0.9739,0.026100000000000012
64,21,0.1027,0.9644,0.035599999999999965
64,22,0.1273,0.9561,0.04390000000000005
64,23,0.1031,0.9649,0.03510000000000002
64,24,0.0769,0.9737,0.02629999999999999
64,25,0.0794,0.9729,0.027100000000000013
64,26,0.0957,0.9678,0.032200000000000006
64,27,0.0986,0.9654,0.034599999999999964
64,28,0.0867,0.9704,0.02959999999999996
64,29,0.0866,0.9698,0.030200000000000005
64,30,0.079,0.9735,0.026499999999999968
64,31,0.0741,0.9744,0.025599999999999956
64,32,0.0749,0.9747,0.02529999999999999
64,33,0.0889,0.9691,0.03090000000000004
64,34,0.0686,0.9769,0.02310000000000001
64,35,0.0692,0.9765,0.023499999999999965
64,36,0.0736,0.9758,0.0242
64,37,0.0784,0.9743,0.025699999999999945
64,38,0.0711,0.976,0.02400000000000002
64,39,0.0657,0.9772,0.022800000000000042
64,40,0.0728,0.975,0.025000000000000022
64,41,0.0636,0.9776,0.022399999999999975
64,42,0.069,0.9771,0.02290000000000003
64,43,0.06,0.9793,0.02070000000000005
64,44,0.0634,0.9788,0.021199999999999997
64,45,0.0701,0.9763,0.023700000000000054
64,46,0.0603,0.9797,0.020299999999999985
64,47,0.0496,0.9834,0.016599999999999948
64,48,0.051,0.9826,0.01739999999999997
64,49,0.065,0.9777,0.022299999999999986
64,50,0.0748,0.9748,0.0252
64,51,0.0582,0.9802,0.01980000000000004
64,52,0.0546,0.9813,0.01870000000000005
64,53,0.0476,0.9835,0.01649999999999996
64,54,0.05,0.9838,0.016199999999999992
64,55,0.0642,0.9783,0.021700000000000053
64,56,0.0655,0.9774,0.022599999999999953
64,57,0.0481,0.9836,0.01639999999999997
64,58,0.0502,0.9822,0.017800000000000038
64,59,0.0437,0.9849,0.015100000000000002
64,60,0.0536,0.9819,0.018100000000000005
64,61,0.0453,0.9853,0.014700000000000046
64,62,0.0525,0.982,0.018000000000000016
64,63,0.05,0.9831,0.016900000000000026
64,64,0.0438,0.9847,0.01529999999999998
64,65,0.0533,0.9816,0.018399999999999972
64,66,0.0548,0.9818,0.018199999999999994
64,67,0.0434,0.9853,0.014700000000000046
64,68,0.0408,0.9861,0.013900000000000023
64,69,0.047,0.9843,0.015700000000000047
64,70,0.0597,0.9801,0.01990000000000003
64,71,0.0396,0.9871,0.012900000000000023
64,72,0.0361,0.9884,0.011600000000000055
64,73,0.0477,0.9837,0.01629999999999998
64,74,0.0617,0.9793,0.02070000000000005
64,75,0.0392,0.9869,0.0131
64,76,0.0291,0.9904,0.009600000000000053
64,77,0.0315,0.9897,0.010299999999999976
64,78,0.0532,0.9818,0.018199999999999994
64,79,0.0607,0.9788,0.021199999999999997
64,80,0.0439,0.985,0.015000000000000013
64,81,0.0287,0.9906,0.009399999999999964
64,82,0.0235,0.9924,0.007600000000000051
64,83,0.0439,0.9857,0.01429999999999998
64,84,0.0595,0.9798,0.020199999999999996
64,85,0.0373,0.9872,0.012800000000000034
64,86,0.0286,0.9904,0.009600000000000053
64,87,0.0331,0.9888,0.011199999999999988
64,88,0.0378,0.9871,0.012900000000000023
64,89,0.0531,0.982,0.018000000000000016
64,90,0.0383,0.9867,0.013299999999999979
64,91,0.0304,0.9897,0.010299999999999976
64,92,0.0282,0.9906,0.009399999999999964
64,93,0.0363,0.988,0.01200000000000001
64,94,0.0409,0.9857,0.01429999999999998
64,95,0.0449,0.9846,0.01539999999999997
64,96,0.0332,0.9883,0.011700000000000044
64,97,0.0343,0.9885,0.011499999999999955
64,98,0.0349,0.9883,0.011700000000000044
64,99,0.0279,0.9909,0.009099999999999997
64,100,0.0289,0.9899,0.010099999999999998
64,101,0.0457,0.9846,0.01539999999999997
64,102,0.0458,0.9847,0.01529999999999998
64,103,0.028,0.9909,0.009099999999999997
64,104,0.0196,0.9934,0.00660000000000005
64,105,0.028,0.9906,0.009399999999999964
64,106,0.0543,0.9818,0.018199999999999994
64,107,0.0396,0.9868,0.01319999999999999
64,108,0.0262,0.9909,0.009099999999999997
64,109,0.0249,0.9916,0.008399999999999963
64,110,0.0356,0.9879,0.0121
64,111,0.0348,0.9881,0.011900000000000022
64,112,0.0288,0.9902,0.009800000000000031
64,113,0.0309,0.9897,0.010299999999999976
64,114,0.0323,0.9892,0.010800000000000032
64,115,0.0287,0.9906,0.009399999999999964
64,116,0.0326,0.989,0.01100000000000001
64,117,0.0302,0.9898,0.010199999999999987
64,118,0.0315,0.9895,0.010499999999999954
64,119,0.0317,0.9894,0.010600000000000054
64,120,0.0319,0.9891,0.01090000000000002
64,121,0.0286,0.9902,0.009800000000000031
64,122,0.0349,0.9881,0.011900000000000022
64,123,0.0296,0.99,0.010000000000000009
64,124,0.0167,0.9944,0.005600000000000049
64,125,0.0214,0.9928,0.007199999999999984
64,126,0.0364,0.9876,0.012399999999999967
64,127,0.0411,0.9863,0.013700000000000045
64,128,0.0286,0.9903,0.009700000000000042
64,129,0.0257,0.9917,0.008299999999999974
64,130,0.0289,0.9903,0.009700000000000042
64,131,0.0266,0.9911,0.008900000000000019
64,132,0.0275,0.991,0.009000000000000008
64,133,0.0278,0.9908,0.009199999999999986
64,134,0.0288,0.9896,0.010399999999999965
64,135,0.0345,0.9883,0.011700000000000044
64,136,0.0202,0.9928,0.007199999999999984
64,137,0.0285,0.9904,0.009600000000000053
64,138,0.0335,0.9887,0.011299999999999977
64,139,0.0248,0.9916,0.008399999999999963
64,140,0.0254,0.9915,0.008499999999999952
64,141,0.0241,0.9923,0.00770000000000004
64,142,0.0283,0.9902,0.009800000000000031
64,143,0.0256,0.9912,0.00880000000000003
64,144,0.033,0.9888,0.011199999999999988
64,145,0.0198,0.9933,0.006700000000000039
64,146,0.0158,0.9946,0.00539999999999996
64,147,0.0294,0.9901,0.00990000000000002
64,148,0.0316,0.9894,0.010600000000000054
64,149,0.0228,0.9919,0.008099999999999996
64,150,0.0313,0.9897,0.010299999999999976
64,151,0.0264,0.9907,0.009299999999999975
64,152,0.0143,0.9955,0.0044999999999999485
64,153,0.0224,0.9923,0.00770000000000004
64,154,0.0326,0.9896,0.010399999999999965
64,155,0.0277,0.9909,0.009099999999999997
64,156,0.0181,0.9939,0.006099999999999994
64,157,0.0169,0.9942,0.005800000000000027
64,158,0.0273,0.9911,0.008900000000000019
64,159,0.0315,0.9891,0.01090000000000002
64,160,0.0237,0.9923,0.00770000000000004
64,161,0.0149,0.9953,0.0047000000000000375
64,162,0.0279,0.9905,0.009499999999999953
64,163,0.0287,0.9906,0.009399999999999964
64,164,0.0232,0.9923,0.00770000000000004
64,165,0.0162,0.9945,0.005499999999999949
64,166,0.0218,0.9927,0.007299999999999973
64,167,0.0295,0.99,0.010000000000000009
64,168,0.0283,0.9907,0.009299999999999975
64,169,0.0157,0.9945,0.005499999999999949
64,170,0.0136,0.9954,0.0046000000000000485
64,171,0.0241,0.9916,0.008399999999999963
64,172,0.0316,0.9898,0.010199999999999987
64,173,0.0249,0.992,0.008000000000000007
64,174,0.0188,0.9934,0.00660000000000005
64,175,0.0129,0.9958,0.0041999999999999815
64,176,0.0161,0.995,0.0050000000000000044
64,177,0.0376,0.9877,0.012299999999999978
64,178,0.0281,0.9907,0.009299999999999975
64,179,0.0145,0.9952,0.0048000000000000265
64,180,0.0183,0.9942,0.005800000000000027
64,181,0.0213,0.993,0.007000000000000006
64,182,0.0231,0.9924,0.007600000000000051
64,183,0.0194,0.9935,0.00649999999999995
64,184,0.018,0.994,0.006000000000000005
64,185,0.0248,0.9917,0.008299999999999974
64,186,0.0254,0.9911,0.008900000000000019
64,187,0.0203,0.9934,0.00660000000000005
64,188,0.0142,0.9955,0.0044999999999999485
64,189,0.0194,0.9936,0.006399999999999961
64,190,0.0264,0.9916,0.008399999999999963
64,191,0.0177,0.9941,0.005900000000000016
64,192,0.0184,0.9939,0.006099999999999994
64,193,0.0233,0.9925,0.007499999999999951
64,194,0.0191,0.9936,0.006399999999999961
64,195,0.024,0.9919,0.008099999999999996
64,196,0.0183,0.994,0.006000000000000005
64,197,0.0175,0.9941,0.005900000000000016
64,198,0.022,0.9924,0.007600000000000051
64,199,0.0212,0.9932,0.006800000000000028
64,200,0.014,0.9952,0.0048000000000000265
64,201,0.019,0.9936,0.006399999999999961
64,202,0.0209,0.993,0.007000000000000006
64,203,0.0249,0.9913,0.008700000000000041
64,204,0.019,0.9939,0.006099999999999994
64,205,0.015,0.9952,0.0048000000000000265
64,206,0.0126,0.9957,0.0042999999999999705
64,207,0.0275,0.9911,0.008900000000000019
64,208,0.0226,0.9926,0.007399999999999962
64,209,0.0192,0.9936,0.006399999999999961
64,210,0.0171,0.9944,0.005600000000000049
64,211,0.0169,0.9944,0.005600000000000049
64,212,0.0172,0.9947,0.005299999999999971
64,213,0.0204,0.9931,0.006900000000000017
64,214,0.0207,0.9932,0.006800000000000028
64,215,0.0166,0.9948,0.005199999999999982
64,216,0.0176,0.9942,0.005800000000000027
64,217,0.0228,0.9923,0.00770000000000004
64,218,0.0186,0.994,0.006000000000000005
64,219,0.0128,0.9959,0.0040999999999999925
64,220,0.0091,0.997,0.0030000000000000027
64,221,0.0177,0.994,0.006000000000000005
64,222,0.0354,0.9886,0.011399999999999966
64,223,0.0211,0.9927,0.007299999999999973
64,224,0.0143,0.9954,0.0046000000000000485
64,225,0.0098,0.9972,0.0028000000000000247
64,226,0.0127,0.9956,0.0043999999999999595
64,227,0.0249,0.9912,0.00880000000000003
64,228,0.0277,0.9908,0.009199999999999986
64,229,0.0201,0.9935,0.00649999999999995
64,230,0.0146,0.9948,0.005199999999999982
64,231,0.012,0.9957,0.0042999999999999705
64,232,0.0128,0.9961,0.0039000000000000146
64,233,0.0187,0.9939,0.006099999999999994
64,234,0.021,0.9926,0.007399999999999962
64,235,0.0188,0.9938,0.006199999999999983
64,236,0.0165,0.9941,0.005900000000000016
64,237,0.0142,0.9952,0.0048000000000000265
64,238,0.0159,0.9944,0.005600000000000049
64,239,0.0171,0.9945,0.005499999999999949
64,240,0.0188,0.9935,0.00649999999999995
64,241,0.0141,0.9952,0.0048000000000000265
64,242,0.0141,0.9955,0.0044999999999999485
64,243,0.0122,0.9961,0.0039000000000000146
64,244,0.0209,0.993,0.007000000000000006
64,245,0.0273,0.9908,0.009199999999999986
64,246,0.012,0.9957,0.0042999999999999705
64,247,0.0099,0.9967,0.0032999999999999696
64,248,0.0071,0.9979,0.0020999999999999908
64,249,0.0142,0.9952,0.0048000000000000265
64,250,0.0297,0.9906,0.009399999999999964
64,251,0.018,0.9939,0.006099999999999994
64,252,0.014,0.9952,0.0048000000000000265
64,253,0.0163,0.9945,0.005499999999999949
64,254,0.0124,0.9957,0.0042999999999999705
64,255,0.0105,0.997,0.0030000000000000027
64,256,0.0184,0.9938,0.006199999999999983
64,257,0.0261,0.9915,0.008499999999999952
64,258,0.0163,0.9947,0.005299999999999971
64,259,0.0118,0.9962,0.0038000000000000256
64,260,0.0089,0.9971,0.0029000000000000137
64,261,0.0144,0.9951,0.0049000000000000155
64,262,0.0207,0.9931,0.006900000000000017
64,263,0.0178,0.994,0.006000000000000005
64,264,0.0133,0.9958,0.0041999999999999815
64,265,0.0141,0.9951,0.0049000000000000155
64,266,0.0154,0.995,0.0050000000000000044
64,267,0.0112,0.9963,0.0037000000000000366
64,268,0.0172,0.9943,0.005700000000000038
64,269,0.012,0.996,0.0040000000000000036
64,270,0.0122,0.9958,0.0041999999999999815
64,271,0.0199,0.9937,0.006299999999999972
64,272,0.0167,0.9945,0.005499999999999949
64,273,0.0138,0.9952,0.0048000000000000265
64,274,0.0133,0.9957,0.0042999999999999705
64,275,0.0147,0.9948,0.005199999999999982
64,276,0.0122,0.9963,0.0037000000000000366
64,277,0.0137,0.995,0.0050000000000000044
64,278,0.0145,0.9954,0.0046000000000000485
64,279,0.0205,0.9932,0.006800000000000028
64,280,0.0173,0.9947,0.005299999999999971
64,281,0.0145,0.9955,0.0044999999999999485
64,282,0.007,0.9979,0.0020999999999999908
64,283,0.0112,0.9964,0.0036000000000000476
64,284,0.0182,0.9942,0.005800000000000027
64,285,0.0165,0.9941,0.005900000000000016
64,286,0.0144,0.9951,0.0049000000000000155
64,287,0.0135,0.9954,0.0046000000000000485
64,288,0.0123,0.9959,0.0040999999999999925
64,289,0.016,0.995,0.0050000000000000044
64,290,0.0184,0.994,0.006000000000000005
64,291,0.0132,0.9955,0.0044999999999999485
64,292,0.0113,0.9962,0.0038000000000000256
64,293,0.0118,0.9961,0.0039000000000000146
64,294,0.0144,0.9954,0.0046000000000000485
64,295,0.0152,0.9949,0.005099999999999993
64,296,0.0162,0.9941,0.005900000000000016
64,297,0.0138,0.9956,0.0043999999999999595
64,298,0.0107,0.9965,0.0034999999999999476
64,299,0.01,0.9969,0.0030999999999999917
64,300,0.015,0.995,0.0050000000000000044
64,301,0.0206,0.9933,0.006700000000000039
64,302,0.0147,0.9954,0.0046000000000000485
64,303,0.012,0.9959,0.0040999999999999925
64,304,0.0097,0.9971,0.0029000000000000137
64,305,0.0086,0.997,0.0030000000000000027
64,306,0.0163,0.9946,0.00539999999999996
64,307,0.0186,0.994,0.006000000000000005
64,308,0.0174,0.9939,0.006099999999999994
64,309,0.0126,0.996,0.0040000000000000036
64,310,0.0084,0.9972,0.0028000000000000247
64,311,0.0074,0.9975,0.0024999999999999467
64,312,0.0124,0.9961,0.0039000000000000146
64,313,0.0192,0.9937,0.006299999999999972
64,314,0.0166,0.994,0.006000000000000005
64,315,0.0113,0.9963,0.0037000000000000366
64,316,0.0117,0.9962,0.0038000000000000256
64,317,0.0117,0.9967,0.0032999999999999696
64,318,0.0072,0.9977,0.0022999999999999687
64,319,0.0115,0.9961,0.0039000000000000146
64,320,0.0156,0.995,0.0050000000000000044
64,321,0.0157,0.9948,0.005199999999999982
64,322,0.0124,0.9958,0.0041999999999999815
64,323,0.0132,0.9957,0.0042999999999999705
64,324,0.0147,0.9954,0.0046000000000000485
64,325,0.0135,0.9954,0.0046000000000000485
64,326,0.0096,0.9969,0.0030999999999999917
64,327,0.0077,0.9976,0.0023999999999999577
64,328,0.0131,0.9956,0.0043999999999999595
64,329,0.0201,0.9935,0.00649999999999995
64,330,0.0147,0.9954,0.0046000000000000485
64,331,0.0112,0.9968,0.0031999999999999806
64,332,0.0099,0.9965,0.0034999999999999476
64,333,0.0076,0.9976,0.0023999999999999577
64,334,0.0144,0.9952,0.0048000000000000265
64,335,0.0142,0.9954,0.0046000000000000485
64,336,0.0133,0.9958,0.0041999999999999815
64,337,0.0117,0.9963,0.0037000000000000366
64,338,0.0101,0.9968,0.0031999999999999806
64,339,0.009,0.9971,0.0029000000000000137
64,340,0.0162,0.9947,0.005299999999999971
64,341,0.0168,0.9943,0.005700000000000038
64,342,0.0113,0.9965,0.0034999999999999476
64,343,0.0086,0.9974,0.0026000000000000467
64,344,0.007,0.9979,0.0020999999999999908
64,345,0.0106,0.9963,0.0037000000000000366
64,346,0.018,0.9938,0.006199999999999983
64,347,0.0123,0.996,0.0040000000000000036
64,348,0.013,0.9962,0.0038000000000000256
64,349,0.0129,0.9956,0.0043999999999999595
64,350,0.0145,0.9954,0.0046000000000000485
64,351,0.0113,0.996,0.0040000000000000036
64,352,0.0077,0.9976,0.0023999999999999577
64,353,0.0071,0.9979,0.0020999999999999908
64,354,0.0113,0.9964,0.0036000000000000476
64,355,0.0193,0.9935,0.00649999999999995
64,356,0.0161,0.9949,0.005099999999999993
64,357,0.0081,0.9973,0.0027000000000000357
64,358,0.0089,0.9971,0.0029000000000000137
64,359,0.0099,0.997,0.0030000000000000027
64,360,0.0126,0.996,0.0040000000000000036
64,361,0.012,0.9956,0.0043999999999999595
64,362,0.0107,0.9963,0.0037000000000000366
64,363,0.0107,0.9967,0.0032999999999999696
64,364,0.0097,0.997,0.0030000000000000027
64,365,0.0089,0.9972,0.0028000000000000247
64,366,0.0139,0.9957,0.0042999999999999705
64,367,0.012,0.9961,0.0039000000000000146
64,368,0.011,0.9967,0.0032999999999999696
64,369,0.0122,0.9959,0.0040999999999999925
64,370,0.0152,0.995,0.0050000000000000044
64,371,0.0103,0.9966,0.0033999999999999586
64,372,0.0094,0.9971,0.0029000000000000137
64,373,0.0086,0.9973,0.0027000000000000357
64,374,0.0098,0.9971,0.0029000000000000137
64,375,0.0149,0.9952,0.0048000000000000265
64,376,0.014,0.9953,0.0047000000000000375
64,377,0.0077,0.9974,0.0026000000000000467
64,378,0.0055,0.998,0.0020000000000000018
64,379,0.0131,0.9956,0.0043999999999999595
64,380,0.0177,0.9937,0.006299999999999972
64,381,0.0151,0.9951,0.0049000000000000155
64,382,0.008,0.9973,0.0027000000000000357
64,383,0.0062,0.998,0.0020000000000000018
64,384,0.0037,0.9989,0.0010999999999999899
64,385,0.0108,0.997,0.0030000000000000027
64,386,0.0224,0.993,0.007000000000000006
64,387,0.0158,0.995,0.0050000000000000044
64,388,0.0072,0.9978,0.0021999999999999797
64,389,0.0044,0.9988,0.0011999999999999789
64,390,0.007,0.9979,0.0020999999999999908
64,391,0.0153,0.9949,0.005099999999999993
64,392,0.0144,0.9955,0.0044999999999999485
64,393,0.0105,0.9968,0.0031999999999999806
64,394,0.0111,0.9965,0.0034999999999999476
64,395,0.0119,0.9963,0.0037000000000000366
64,396,0.008,0.9973,0.0027000000000000357
64,397,0.0091,0.997,0.0030000000000000027
64,398,0.0122,0.996,0.0040000000000000036
64,399,0.013,0.9956,0.0043999999999999595
64,400,0.0104,0.9964,0.0036000000000000476
64,401,0.0099,0.9964,0.0036000000000000476
64,402,0.0081,0.9975,0.0024999999999999467
64,403,0.0078,0.9977,0.0022999999999999687
64,404,0.013,0.996,0.0040000000000000036
64,405,0.0134,0.9956,0.0043999999999999595
64,406,0.0115,0.996,0.0040000000000000036
64,407,0.0099,0.9968,0.0031999999999999806
64,408,0.0065,0.9978,0.0021999999999999797
64,409,0.0059,0.9981,0.0019000000000000128
64,410,0.0098,0.9967,0.0032999999999999696
64,411,0.0169,0.9944,0.005600000000000049
64,412,0.0128,0.9955,0.0044999999999999485
64,413,0.0122,0.9959,0.0040999999999999925
64,414,0.0072,0.9977,0.0022999999999999687
64,415,0.006,0.9982,0.0018000000000000238
64,416,0.0043,0.9986,0.0013999999999999568
64,417,0.0117,0.9958,0.0041999999999999815
64,418,0.0173,0.9942,0.005800000000000027
64,419,0.0115,0.9961,0.0039000000000000146
64,420,0.0081,0.9977,0.0022999999999999687
64,421,0.0056,0.9982,0.0018000000000000238
64,422,0.0096,0.9968,0.0031999999999999806
64,423,0.0124,0.9958,0.0041999999999999815
64,424,0.0101,0.9972,0.0028000000000000247
64,425,0.0071,0.9979,0.0020999999999999908
64,426,0.0115,0.9962,0.0038000000000000256
64,427,0.0132,0.9956,0.0043999999999999595
64,428,0.0101,0.9967,0.0032999999999999696
64,429,0.008,0.9973,0.0027000000000000357
64,430,0.0083,0.9976,0.0023999999999999577
64,431,0.0107,0.9965,0.0034999999999999476
64,432,0.0133,0.9957,0.0042999999999999705
64,433,0.0123,0.9961,0.0039000000000000146
64,434,0.0068,0.9977,0.0022999999999999687
64,435,0.0057,0.9982,0.0018000000000000238
64,436,0.0059,0.9979,0.0020999999999999908
64,437,0.0127,0.9957,0.0042999999999999705
64,438,0.0149,0.9949,0.005099999999999993
64,439,0.0112,0.9965,0.0034999999999999476
64,440,0.0083,0.9974,0.0026000000000000467
64,441,0.0054,0.9984,0.0016000000000000458
64,442,0.0047,0.9983,0.0017000000000000348
64,443,0.0084,0.9975,0.0024999999999999467
64,444,0.0136,0.9957,0.0042999999999999705
64,445,0.0181,0.9938,0.006199999999999983
64,446,0.0104,0.9966,0.0033999999999999586
64,447,0.0048,0.9984,0.0016000000000000458
64,448,0.0029,0.9991,0.0009000000000000119
64,449,0.0043,0.9988,0.0011999999999999789
64,450,0.0102,0.9967,0.0032999999999999696
64,451,0.0136,0.996,0.0040000000000000036
64,452,0.0168,0.9943,0.005700000000000038
64,453,0.0085,0.997,0.0030000000000000027
64,454,0.0067,0.998,0.0020000000000000018
64,455,0.0051,0.9984,0.0016000000000000458
64,456,0.0059,0.9982,0.0018000000000000238
64,457,0.0123,0.9963,0.0037000000000000366
64,458,0.0162,0.9946,0.00539999999999996
64,459,0.0105,0.9966,0.0033999999999999586
64,460,0.0052,0.9983,0.0017000000000000348
64,461,0.005,0.9984,0.0016000000000000458
64,462,0.0091,0.9969,0.0030999999999999917
64,463,0.0112,0.9962,0.0038000000000000256
64,464,0.0126,0.9963,0.0037000000000000366
64,465,0.0095,0.9968,0.0031999999999999806
64,466,0.0066,0.9978,0.0021999999999999797
64,467,0.0078,0.9977,0.0022999999999999687
64,468,0.0072,0.9979,0.0020999999999999908
64,469,0.0101,0.9967,0.0032999999999999696
64,470,0.0113,0.9962,0.0038000000000000256
64,471,0.0118,0.9961,0.0039000000000000146
64,472,0.0092,0.9971,0.0029000000000000137
64,473,0.0084,0.9974,0.0026000000000000467
64,474,0.0074,0.9977,0.0022999999999999687
64,475,0.0046,0.9985,0.0014999999999999458
64,476,0.0053,0.9984,0.0016000000000000458
64,477,0.015,0.9951,0.0049000000000000155
64,478,0.0132,0.9954,0.0046000000000000485
64,479,0.0094,0.9966,0.0033999999999999586
64,480,0.0066,0.9981,0.0019000000000000128
64,481,0.0038,0.9989,0.0010999999999999899
64,482,0.0075,0.9976,0.0023999999999999577
64,483,0.0095,0.9969,0.0030999999999999917
64,484,0.0138,0.9953,0.0047000000000000375
64,485,0.0098,0.9967,0.0032999999999999696
64,486,0.0074,0.9976,0.0023999999999999577
64,487,0.0057,0.9981,0.0019000000000000128
64,488,0.0075,0.9974,0.0026000000000000467
64,489,0.0094,0.9966,0.0033999999999999586
64,490,0.012,0.9961,0.0039000000000000146
64,491,0.0097,0.9967,0.0032999999999999696
64,492,0.0062,0.9982,0.0018000000000000238
64,493,0.0045,0.9986,0.0013999999999999568
64,494,0.0051,0.9983,0.0017000000000000348
64,495,0.0116,0.9963,0.0037000000000000366
64,496,0.0145,0.9953,0.0047000000000000375
64,497,0.0087,0.9973,0.0027000000000000357
64,498,0.0058,0.9982,0.0018000000000000238
64,499,0.0039,0.9989,0.0010999999999999899
64,500,0.0057,0.9982,0.0018000000000000238
64,501,0.0115,0.996,0.0040000000000000036
64,502,0.0143,0.9954,0.0046000000000000485
64,503,0.0089,0.9971,0.0029000000000000137
64,504,0.0078,0.9975,0.0024999999999999467
64,505,0.0069,0.9976,0.0023999999999999577
64,506,0.0066,0.998,0.0020000000000000018
64,507,0.0054,0.9983,0.0017000000000000348
64,508,0.0079,0.9973,0.0027000000000000357
64,509,0.0077,0.9974,0.0026000000000000467
64,510,0.0099,0.9969,0.0030999999999999917
64,511,0.0112,0.9963,0.0037000000000000366
64,512,0.0068,0.9979,0.0020999999999999908
64,513,0.0059,0.9978,0.0021999999999999797
64,514,0.0075,0.9976,0.0023999999999999577
64,515,0.0073,0.9976,0.0023999999999999577
64,516,0.0086,0.997,0.0030000000000000027
64,517,0.009,0.9968,0.0031999999999999806
64,518,0.0065,0.9979,0.0020999999999999908
64,519,0.0056,0.9983,0.0017000000000000348
64,520,0.0074,0.9979,0.0020999999999999908
64,521,0.0103,0.9968,0.0031999999999999806
64,522,0.0084,0.9973,0.0027000000000000357
64,523,0.0098,0.9968,0.0031999999999999806
64,524,0.0098,0.9968,0.0031999999999999806
64,525,0.0101,0.9968,0.0031999999999999806
64,526,0.0061,0.998,0.0020000000000000018
64,527,0.0051,0.998,0.0020000000000000018
64,528,0.0091,0.9973,0.0027000000000000357
64,529,0.0088,0.997,0.0030000000000000027
64,530,0.0117,0.9963,0.0037000000000000366
64,531,0.0098,0.9968,0.0031999999999999806
64,532,0.0067,0.9979,0.0020999999999999908
64,533,0.0055,0.9982,0.0018000000000000238
64,534,0.0066,0.9977,0.0022999999999999687
64,535,0.0081,0.9977,0.0022999999999999687
64,536,0.0104,0.9968,0.0031999999999999806
64,537,0.0087,0.9971,0.0029000000000000137
64,538,0.008,0.9973,0.0027000000000000357
64,539,0.0078,0.9975,0.0024999999999999467
64,540,0.0052,0.9983,0.0017000000000000348
64,541,0.0046,0.9985,0.0014999999999999458
64,542,0.0098,0.9967,0.0032999999999999696
64,543,0.0097,0.9964,0.0036000000000000476
64,544,0.0088,0.9973,0.0027000000000000357
64,545,0.0056,0.9982,0.0018000000000000238
64,546,0.0084,0.9974,0.0026000000000000467
64,547,0.0095,0.9967,0.0032999999999999696
64,548,0.0079,0.9974,0.0026000000000000467
64,549,0.0034,0.9991,0.0009000000000000119
64,550,0.0057,0.998,0.0020000000000000018
64,551,0.0114,0.9963,0.0037000000000000366
64,552,0.0083,0.9974,0.0026000000000000467
64,553,0.0072,0.9976,0.0023999999999999577
64,554,0.0041,0.9988,0.0011999999999999789
64,555,0.0077,0.9976,0.0023999999999999577
64,556,0.0145,0.9955,0.0044999999999999485
64,557,0.007,0.9978,0.0021999999999999797
64,558,0.0049,0.9985,0.0014999999999999458
64,559,0.0081,0.9977,0.0022999999999999687
64,560,0.0094,0.9967,0.0032999999999999696
64,561,0.0082,0.9976,0.0023999999999999577
64,562,0.0073,0.9978,0.0021999999999999797
64,563,0.0076,0.9975,0.0024999999999999467
64,564,0.0074,0.9975,0.0024999999999999467
64,565,0.0068,0.9978,0.0021999999999999797
64,566,0.0059,0.9981,0.0019000000000000128
64,567,0.0099,0.997,0.0030000000000000027
64,568,0.0056,0.9981,0.0019000000000000128
64,569,0.0066,0.9979,0.0020999999999999908
64,570,0.0076,0.9974,0.0026000000000000467
64,571,0.0072,0.998,0.0020000000000000018
64,572,0.0087,0.997,0.0030000000000000027
64,573,0.0081,0.9976,0.0023999999999999577
64,574,0.0093,0.9973,0.0027000000000000357
64,575,0.0077,0.9974,0.0026000000000000467
64,576,0.0048,0.9983,0.0017000000000000348
64,577,0.0094,0.9966,0.0033999999999999586
64,578,0.0076,0.9975,0.0024999999999999467
64,579,0.0059,0.9982,0.0018000000000000238
64,580,0.0078,0.9976,0.0023999999999999577
64,581,0.0074,0.9976,0.0023999999999999577
64,582,0.0068,0.9976,0.0023999999999999577
64,583,0.0054,0.9984,0.0016000000000000458
64,584,0.0058,0.9981,0.0019000000000000128
64,585,0.0059,0.998,0.0020000000000000018
64,586,0.011,0.9962,0.0038000000000000256
64,587,0.0066,0.9977,0.0022999999999999687
64,588,0.0066,0.9979,0.0020999999999999908
64,589,0.0068,0.9976,0.0023999999999999577
64,590,0.0059,0.9982,0.0018000000000000238
64,591,0.0056,0.9982,0.0018000000000000238
64,592,0.0073,0.9978,0.0021999999999999797
64,593,0.0097,0.9968,0.0031999999999999806
64,594,0.0088,0.9974,0.0026000000000000467
64,595,0.0051,0.9984,0.0016000000000000458
64,596,0.0031,0.999,0.0010000000000000009
64,597,0.0041,0.9988,0.0011999999999999789
64,598,0.0105,0.9964,0.0036000000000000476
64,599,0.0137,0.9956,0.0043999999999999595
64,600,0.0082,0.9977,0.0022999999999999687
64,601,0.0041,0.9986,0.0013999999999999568
64,602,0.0023,0.9992,0.0008000000000000229
64,603,0.0066,0.9979,0.0020999999999999908
64,604,0.0097,0.9967,0.0032999999999999696
64,605,0.0084,0.9972,0.0028000000000000247
64,606,0.0088,0.9971,0.0029000000000000137
64,607,0.0077,0.9975,0.0024999999999999467
64,608,0.0047,0.9987,0.0012999999999999678
64,609,0.0041,0.9989,0.0010999999999999899
64,610,0.0057,0.9984,0.0016000000000000458
64,611,0.0074,0.9978,0.0021999999999999797
64,612,0.0118,0.9965,0.0034999999999999476
64,613,0.0081,0.9976,0.0023999999999999577
64,614,0.0075,0.9975,0.0024999999999999467
64,615,0.0041,0.9986,0.0013999999999999568
64,616,0.0029,0.9992,0.0008000000000000229
64,617,0.0103,0.997,0.0030000000000000027
64,618,0.0119,0.9965,0.0034999999999999476
64,619,0.006,0.9982,0.0018000000000000238
64,620,0.0056,0.9983,0.0017000000000000348
64,621,0.0057,0.9984,0.0016000000000000458
64,622,0.0084,0.9975,0.0024999999999999467
64,623,0.0107,0.9967,0.0032999999999999696
64,624,0.0072,0.9979,0.0020999999999999908
64,625,0.0051,0.9986,0.0013999999999999568
64,626,0.0046,0.9986,0.0013999999999999568
64,627,0.0057,0.9982,0.0018000000000000238
64,628,0.0071,0.9975,0.0024999999999999467
64,629,0.0055,0.9983,0.0017000000000000348
64,630,0.0079,0.9974,0.0026000000000000467
64,631,0.0088,0.9972,0.0028000000000000247
64,632,0.0087,0.9971,0.0029000000000000137
64,633,0.0054,0.9985,0.0014999999999999458
64,634,0.0046,0.9986,0.0013999999999999568
64,635,0.003,0.999,0.0010000000000000009
64,636,0.0042,0.9986,0.0013999999999999568
64,637,0.0066,0.9978,0.0021999999999999797
64,638,0.008,0.9972,0.0028000000000000247
64,639,0.01,0.9965,0.0034999999999999476
64,640,0.006,0.9978,0.0021999999999999797
64,641,0.0032,0.9991,0.0009000000000000119
64,642,0.0035,0.9988,0.0011999999999999789
64,643,0.0069,0.998,0.0020000000000000018
64,644,0.0118,0.9961,0.0039000000000000146
64,645,0.0084,0.9971,0.0029000000000000137
64,646,0.0059,0.9983,0.0017000000000000348
64,647,0.003,0.9992,0.0008000000000000229
64,648,0.0016,0.9995,0.0004999999999999449
64,649,0.0045,0.9985,0.0014999999999999458
64,650,0.0132,0.9956,0.0043999999999999595
64,651,0.016,0.9948,0.005199999999999982
64,652,0.0053,0.9985,0.0014999999999999458
64,653,0.0033,0.9989,0.0010999999999999899
64,654,0.0025,0.9993,0.0007000000000000339
64,655,0.003,0.9992,0.0008000000000000229
64,656,0.0053,0.9985,0.0014999999999999458
64,657,0.0114,0.9961,0.0039000000000000146
64,658,0.0129,0.9954,0.0046000000000000485
64,659,0.0092,0.997,0.0030000000000000027
64,660,0.0031,0.999,0.0010000000000000009
64,661,0.0028,0.9991,0.0009000000000000119
64,662,0.0034,0.9987,0.0012999999999999678
64,663,0.004,0.9986,0.0013999999999999568
64,664,0.01,0.9967,0.0032999999999999696
64,665,0.0091,0.9968,0.0031999999999999806
64,666,0.0093,0.9968,0.0031999999999999806
64,667,0.0056,0.9982,0.0018000000000000238
64,668,0.0043,0.9987,0.0012999999999999678
64,669,0.0028,0.9991,0.0009000000000000119
64,670,0.0042,0.9987,0.0012999999999999678
64,671,0.0056,0.9981,0.0019000000000000128
64,672,0.0124,0.9962,0.0038000000000000256
64,673,0.0085,0.9973,0.0027000000000000357
64,674,0.0068,0.9975,0.0024999999999999467
64,675,0.0037,0.9989,0.0010999999999999899
64,676,0.0035,0.999,0.0010000000000000009
64,677,0.0056,0.9983,0.0017000000000000348
64,678,0.0077,0.9974,0.0026000000000000467
64,679,0.008,0.9974,0.0026000000000000467
64,680,0.0047,0.9985,0.0014999999999999458
64,681,0.0056,0.9981,0.0019000000000000128
64,682,0.0086,0.9973,0.0027000000000000357
64,683,0.0061,0.998,0.0020000000000000018
64,684,0.0039,0.9987,0.0012999999999999678
64,685,0.0053,0.9982,0.0018000000000000238
64,686,0.0057,0.9981,0.0019000000000000128
64,687,0.005,0.9984,0.0016000000000000458
64,688,0.007,0.998,0.0020000000000000018
64,689,0.0052,0.9984,0.0016000000000000458
64,690,0.0061,0.998,0.0020000000000000018
64,691,0.0093,0.9968,0.0031999999999999806
64,692,0.0059,0.9981,0.0019000000000000128
64,693,0.0039,0.9987,0.0012999999999999678
64,694,0.0051,0.9983,0.0017000000000000348
64,695,0.0048,0.9983,0.0017000000000000348
64,696,0.0072,0.9976,0.0023999999999999577
64,697,0.0059,0.9978,0.0021999999999999797
64,698,0.0056,0.998,0.0020000000000000018
64,699,0.0081,0.9971,0.0029000000000000137
64,700,0.0059,0.9981,0.0019000000000000128
64,701,0.0051,0.9982,0.0018000000000000238
64,702,0.0044,0.9987,0.0012999999999999678
64,703,0.0054,0.9982,0.0018000000000000238
64,704,0.0056,0.9984,0.0016000000000000458
64,705,0.0085,0.9974,0.0026000000000000467
64,706,0.0066,0.9979,0.0020999999999999908
64,707,0.0059,0.9982,0.0018000000000000238
64,708,0.0061,0.998,0.0020000000000000018
64,709,0.0073,0.9979,0.0020999999999999908
64,710,0.0079,0.9975,0.0024999999999999467
64,711,0.0058,0.9982,0.0018000000000000238
64,712,0.0038,0.9987,0.0012999999999999678
64,713,0.0064,0.9983,0.0017000000000000348
64,714,0.0052,0.9985,0.0014999999999999458
64,715,0.0071,0.9974,0.0026000000000000467
64,716,0.0077,0.9974,0.0026000000000000467
64,717,0.0038,0.9986,0.0013999999999999568
64,718,0.0069,0.9977,0.0022999999999999687
64,719,0.0073,0.9977,0.0022999999999999687
64,720,0.0053,0.9983,0.0017000000000000348
64,721,0.0039,0.9987,0.0012999999999999678
64,722,0.0056,0.9982,0.0018000000000000238
64,723,0.0049,0.9986,0.0013999999999999568
64,724,0.0077,0.9974,0.0026000000000000467
64,725,0.0063,0.9978,0.0021999999999999797
64,726,0.0084,0.9973,0.0027000000000000357
64,727,0.0055,0.9983,0.0017000000000000348
64,728,0.003,0.9992,0.0008000000000000229
64,729,0.0031,0.9991,0.0009000000000000119
64,730,0.0074,0.9978,0.0021999999999999797
64,731,0.0106,0.9966,0.0033999999999999586
64,732,0.0032,0.9989,0.0010999999999999899
64,733,0.003,0.999,0.0010000000000000009
64,734,0.0052,0.9985,0.0014999999999999458
64,735,0.0101,0.9964,0.0036000000000000476
64,736,0.0077,0.9976,0.0023999999999999577
64,737,0.0052,0.9983,0.0017000000000000348
64,738,0.0034,0.999,0.0010000000000000009
64,739,0.0015,0.9996,0.00039999999999995595
64,740,0.0018,0.9996,0.00039999999999995595
64,741,0.0115,0.9964,0.0036000000000000476
64,742,0.0156,0.9952,0.0048000000000000265
64,743,0.0068,0.9978,0.0021999999999999797
64,744,0.0032,0.999,0.0010000000000000009
64,745,0.0036,0.9989,0.0010999999999999899
64,746,0.0049,0.9986,0.0013999999999999568
64,747,0.0034,0.9988,0.0011999999999999789
64,748,0.0053,0.9983,0.0017000000000000348
64,749,0.0137,0.9962,0.0038000000000000256
64,750,0.0097,0.9971,0.0029000000000000137
64,751,0.004,0.9986,0.0013999999999999568
64,752,0.0032,0.9991,0.0009000000000000119
64,753,0.0023,0.9994,0.0006000000000000449
64,754,0.0044,0.9986,0.0013999999999999568
64,755,0.0082,0.9975,0.0024999999999999467
64,756,0.0078,0.9973,0.0027000000000000357
64,757,0.0072,0.9974,0.0026000000000000467
64,758,0.0039,0.9988,0.0011999999999999789
64,759,0.0033,0.9989,0.0010999999999999899
64,760,0.0037,0.999,0.0010000000000000009
64,761,0.0058,0.9981,0.0019000000000000128
64,762,0.0088,0.997,0.0030000000000000027
64,763,0.0073,0.9977,0.0022999999999999687
64,764,0.0049,0.9985,0.0014999999999999458
64,765,0.0045,0.9987,0.0012999999999999678
64,766,0.0033,0.999,0.0010000000000000009
64,767,0.0036,0.9992,0.0008000000000000229
64,768,0.0097,0.9973,0.0027000000000000357
64,769,0.0108,0.9964,0.0036000000000000476
64,770,0.0064,0.9981,0.0019000000000000128
64,771,0.0041,0.9986,0.0013999999999999568
64,772,0.0017,0.9995,0.0004999999999999449
64,773,0.0039,0.9987,0.0012999999999999678
64,774,0.0096,0.997,0.0030000000000000027
64,775,0.0098,0.9972,0.0028000000000000247
64,776,0.0042,0.9985,0.0014999999999999458
64,777,0.0038,0.9989,0.0010999999999999899
64,778,0.003,0.9991,0.0009000000000000119
64,779,0.0048,0.9985,0.0014999999999999458
64,780,0.0046,0.9988,0.0011999999999999789
64,781,0.0067,0.9975,0.0024999999999999467
64,782,0.0103,0.9968,0.0031999999999999806
64,783,0.007,0.9979,0.0020999999999999908
64,784,0.004,0.9988,0.0011999999999999789
64,785,0.0029,0.9991,0.0009000000000000119
64,786,0.0015,0.9997,0.00029999999999996696
64,787,0.0032,0.9991,0.0009000000000000119
64,788,0.0074,0.9977,0.0022999999999999687
64,789,0.0092,0.9969,0.0030999999999999917
64,790,0.0055,0.9983,0.0017000000000000348
64,791,0.0046,0.9986,0.0013999999999999568
64,792,0.0064,0.998,0.0020000000000000018
64,793,0.0056,0.9983,0.0017000000000000348
64,794,0.0032,0.999,0.0010000000000000009
64,795,0.0029,0.9989,0.0010999999999999899
64,796,0.0044,0.9988,0.0011999999999999789
64,797,0.0073,0.998,0.0020000000000000018
64,798,0.0086,0.9973,0.0027000000000000357
64,799,0.0055,0.9982,0.0018000000000000238
64,800,0.0025,0.9992,0.0008000000000000229
64,801,0.002,0.9993,0.0007000000000000339
64,802,0.005,0.9985,0.0014999999999999458
64,803,0.0074,0.9977,0.0022999999999999687
64,804,0.0082,0.9973,0.0027000000000000357
64,805,0.0032,0.9991,0.0009000000000000119
64,806,0.0035,0.999,0.0010000000000000009
64,807,0.0051,0.9984,0.0016000000000000458
64,808,0.005,0.9984,0.0016000000000000458
64,809,0.0045,0.9985,0.0014999999999999458
64,810,0.0034,0.9989,0.0010999999999999899
64,811,0.0074,0.9976,0.0023999999999999577
64,812,0.0075,0.9976,0.0023999999999999577
64,813,0.0046,0.9984,0.0016000000000000458
64,814,0.0027,0.999,0.0010000000000000009
64,815,0.0033,0.999,0.0010000000000000009
64,816,0.0047,0.9988,0.0011999999999999789
64,817,0.0083,0.9974,0.0026000000000000467
64,818,0.0091,0.9968,0.0031999999999999806
64,819,0.0049,0.9982,0.0018000000000000238
64,820,0.0033,0.9988,0.0011999999999999789
64,821,0.003,0.999,0.0010000000000000009
64,822,0.0036,0.9989,0.0010999999999999899
64,823,0.0041,0.9988,0.0011999999999999789
64,824,0.0052,0.9987,0.0012999999999999678
64,825,0.0072,0.9977,0.0022999999999999687
64,826,0.0058,0.9983,0.0017000000000000348
64,827,0.0059,0.9981,0.0019000000000000128
64,828,0.0044,0.9987,0.0012999999999999678
64,829,0.0029,0.999,0.0010000000000000009
64,830,0.0026,0.9991,0.0009000000000000119
64,831,0.0032,0.999,0.0010000000000000009
64,832,0.0103,0.9969,0.0030999999999999917
64,833,0.0071,0.9975,0.0024999999999999467
64,834,0.0068,0.9979,0.0020999999999999908
64,835,0.0043,0.9986,0.0013999999999999568
64,836,0.0035,0.9988,0.0011999999999999789
64,837,0.0023,0.9993,0.0007000000000000339
64,838,0.0016,0.9995,0.0004999999999999449
64,839,0.0026,0.9992,0.0008000000000000229
64,840,0.0096,0.9966,0.0033999999999999586
64,841,0.0087,0.9972,0.0028000000000000247
64,842,0.0063,0.9979,0.0020999999999999908
64,843,0.0048,0.9985,0.0014999999999999458
64,844,0.0026,0.9992,0.0008000000000000229
64,845,0.0028,0.9993,0.0007000000000000339
64,846,0.0029,0.9991,0.0009000000000000119
64,847,0.006,0.9979,0.0020999999999999908
64,848,0.0074,0.9975,0.0024999999999999467
64,849,0.0051,0.9984,0.0016000000000000458
64,850,0.0025,0.9992,0.0008000000000000229
64,851,0.0033,0.9989,0.0010999999999999899
64,852,0.0052,0.9982,0.0018000000000000238
64,853,0.0064,0.9986,0.0013999999999999568
64,854,0.0068,0.9977,0.0022999999999999687
64,855,0.0058,0.9981,0.0019000000000000128
64,856,0.0045,0.9988,0.0011999999999999789
64,857,0.0037,0.9987,0.0012999999999999678
64,858,0.0043,0.9987,0.0012999999999999678
64,859,0.0051,0.9985,0.0014999999999999458
64,860,0.0045,0.9989,0.0010999999999999899
64,861,0.0032,0.9989,0.0010999999999999899
64,862,0.0041,0.9985,0.0014999999999999458
64,863,0.0055,0.9982,0.0018000000000000238
64,864,0.0055,0.9985,0.0014999999999999458
64,865,0.0044,0.9986,0.0013999999999999568
64,866,0.005,0.9987,0.0012999999999999678
64,867,0.0049,0.9985,0.0014999999999999458
64,868,0.0051,0.9983,0.0017000000000000348
64,869,0.0044,0.9986,0.0013999999999999568
64,870,0.0033,0.9988,0.0011999999999999789
64,871,0.0058,0.9982,0.0018000000000000238
64,872,0.0098,0.9972,0.0028000000000000247
64,873,0.0071,0.9976,0.0023999999999999577
64,874,0.0036,0.9987,0.0012999999999999678
64,875,0.0033,0.9992,0.0008000000000000229
64,876,0.0021,0.9993,0.0007000000000000339
64,877,0.0029,0.9992,0.0008000000000000229
64,878,0.0058,0.9981,0.0019000000000000128
64,879,0.0079,0.9974,0.0026000000000000467
64,880,0.006,0.9979,0.0020999999999999908
64,881,0.0032,0.9988,0.0011999999999999789
64,882,0.0017,0.9993,0.0007000000000000339
64,883,0.0037,0.9987,0.0012999999999999678
64,884,0.0096,0.997,0.0030000000000000027
64,885,0.0073,0.9976,0.0023999999999999577
64,886,0.0037,0.9989,0.0010999999999999899
64,887,0.0032,0.9991,0.0009000000000000119
64,888,0.0036,0.999,0.0010000000000000009
64,889,0.0028,0.9993,0.0007000000000000339
64,890,0.0065,0.9982,0.0018000000000000238
64,891,0.0107,0.997,0.0030000000000000027
64,892,0.0047,0.9983,0.0017000000000000348
64,893,0.0025,0.9991,0.0009000000000000119
64,894,0.0018,0.9994,0.0006000000000000449
64,895,0.0018,0.9996,0.00039999999999995595
64,896,0.0021,0.9993,0.0007000000000000339
64,897,0.0064,0.998,0.0020000000000000018
64,898,0.0143,0.9955,0.0044999999999999485
64,899,0.0052,0.9982,0.0018000000000000238
64,900,0.0031,0.999,0.0010000000000000009
64,901,0.0024,0.9993,0.0007000000000000339
64,902,0.0016,0.9995,0.0004999999999999449
64,903,0.0031,0.9991,0.0009000000000000119
64,904,0.0065,0.998,0.0020000000000000018
64,905,0.007,0.9979,0.0020999999999999908
64,906,0.0051,0.9984,0.0016000000000000458
64,907,0.0043,0.9987,0.0012999999999999678
64,908,0.0029,0.999,0.0010000000000000009
64,909,0.0018,0.9994,0.0006000000000000449
64,910,0.0046,0.9985,0.0014999999999999458
64,911,0.0069,0.9978,0.0021999999999999797
64,912,0.0093,0.997,0.0030000000000000027
64,913,0.0036,0.9989,0.0010999999999999899
64,914,0.0022,0.9994,0.0006000000000000449
64,915,0.0027,0.999,0.0010000000000000009
64,916,0.0058,0.9983,0.0017000000000000348
64,917,0.0062,0.998,0.0020000000000000018
64,918,0.0037,0.9988,0.0011999999999999789
64,919,0.0032,0.999,0.0010000000000000009
64,920,0.0026,0.9992,0.0008000000000000229
64,921,0.0041,0.9989,0.0010999999999999899
64,922,0.0057,0.9982,0.0018000000000000238
64,923,0.0079,0.9976,0.0023999999999999577
64,924,0.0052,0.9985,0.0014999999999999458
64,925,0.003,0.9991,0.0009000000000000119
64,926,0.0026,0.9992,0.0008000000000000229
64,927,0.0042,0.9987,0.0012999999999999678
64,928,0.0053,0.998,0.0020000000000000018
64,929,0.0067,0.9976,0.0023999999999999577
64,930,0.0048,0.9985,0.0014999999999999458
64,931,0.004,0.9989,0.0010999999999999899
64,932,0.0014,0.9996,0.00039999999999995595
64,933,0.0019,0.9994,0.0006000000000000449
64,934,0.0049,0.9983,0.0017000000000000348
64,935,0.0084,0.9973,0.0027000000000000357
64,936,0.0055,0.9983,0.0017000000000000348
64,937,0.004,0.9986,0.0013999999999999568
64,938,0.0051,0.9985,0.0014999999999999458
64,939,0.0051,0.9986,0.0013999999999999568
64,940,0.0044,0.9985,0.0014999999999999458
64,941,0.0032,0.9989,0.0010999999999999899
64,942,0.005,0.9985,0.0014999999999999458
64,943,0.0045,0.9985,0.0014999999999999458
64,944,0.0046,0.9984,0.0016000000000000458
64,945,0.0064,0.9982,0.0018000000000000238
64,946,0.0038,0.9988,0.0011999999999999789
64,947,0.0028,0.9991,0.0009000000000000119
64,948,0.0019,0.9993,0.0007000000000000339
64,949,0.0045,0.9986,0.0013999999999999568
64,950,0.0094,0.9968,0.0031999999999999806
64,951,0.0073,0.9978,0.0021999999999999797
64,952,0.0049,0.9982,0.0018000000000000238
64,953,0.0023,0.9992,0.0008000000000000229
64,954,0.0013,0.9997,0.00029999999999996696
64,955,0.0022,0.9994,0.0006000000000000449
64,956,0.0031,0.999,0.0010000000000000009
64,957,0.0063,0.9979,0.0020999999999999908
64,958,0.0068,0.9978,0.0021999999999999797
64,959,0.0042,0.9985,0.0014999999999999458
64,960,0.0042,0.9986,0.0013999999999999568
64,961,0.0046,0.9986,0.0013999999999999568
64,962,0.0042,0.9987,0.0012999999999999678
64,963,0.0033,0.9988,0.0011999999999999789
64,964,0.0037,0.9988,0.0011999999999999789
64,965,0.0057,0.9984,0.0016000000000000458
64,966,0.0055,0.9982,0.0018000000000000238
64,967,0.005,0.9986,0.0013999999999999568
64,968,0.0038,0.9988,0.0011999999999999789
64,969,0.0036,0.9988,0.0011999999999999789
64,970,0.0064,0.9981,0.0019000000000000128
64,971,0.0046,0.9986,0.0013999999999999568
64,972,0.0029,0.9992,0.0008000000000000229
64,973,0.0024,0.9993,0.0007000000000000339
64,974,0.0027,0.9992,0.0008000000000000229
64,975,0.0052,0.9986,0.0013999999999999568
64,976,0.0087,0.9974,0.0026000000000000467
64,977,0.0072,0.9981,0.0019000000000000128
64,978,0.0031,0.9989,0.0010999999999999899
64,979,0.0015,0.9995,0.0004999999999999449
64,980,0.0017,0.9997,0.00029999999999996696
64,981,0.0047,0.9985,0.0014999999999999458
64,982,0.007,0.9978,0.0021999999999999797
64,983,0.0076,0.9977,0.0022999999999999687
64,984,0.0037,0.9988,0.0011999999999999789
64,985,0.0028,0.999,0.0010000000000000009
64,986,0.0022,0.9993,0.0007000000000000339
64,987,0.0044,0.9987,0.0012999999999999678
64,988,0.0058,0.998,0.0020000000000000018
64,989,0.0056,0.998,0.0020000000000000018
64,990,0.0048,0.9985,0.0014999999999999458
64,991,0.0043,0.9985,0.0014999999999999458
64,992,0.0029,0.9991,0.0009000000000000119
64,993,0.0036,0.9992,0.0008000000000000229
64,994,0.0018,0.9995,0.0004999999999999449
64,995,0.003,0.9991,0.0009000000000000119
64,996,0.008,0.9974,0.0026000000000000467
64,997,0.0078,0.9977,0.0022999999999999687
64,998,0.0045,0.9985,0.0014999999999999458
64,999,0.0039,0.999,0.0010000000000000009
64,1000,0.0027,0.9993,0.0007000000000000339
64,1001,0.0029,0.9993,0.0007000000000000339
64,1002,0.0023,0.9992,0.0008000000000000229
64,1003,0.0046,0.9983,0.0017000000000000348
64,1004,0.0082,0.9976,0.0023999999999999577
64,1005,0.0057,0.9983,0.0017000000000000348
64,1006,0.0048,0.9984,0.0016000000000000458
64,1007,0.0026,0.9992,0.0008000000000000229
64,1008,0.0019,0.9995,0.0004999999999999449
64,1009,0.0013,0.9996,0.00039999999999995595
64,1010,0.0021,0.9994,0.0006000000000000449
64,1011,0.0054,0.9984,0.0016000000000000458
64,1012,0.0097,0.9969,0.0030999999999999917
64,1013,0.0051,0.9984,0.0016000000000000458
64,1014,0.0043,0.9986,0.0013999999999999568
64,1015,0.004,0.9989,0.0010999999999999899
64,1016,0.0014,0.9996,0.00039999999999995595
64,1017,0.0015,0.9996,0.00039999999999995595
64,1018,0.0025,0.9995,0.0004999999999999449
64,1019,0.0074,0.9975,0.0024999999999999467
64,1020,0.0115,0.9962,0.0038000000000000256
64,1021,0.0045,0.9986,0.0013999999999999568
64,1022,0.0033,0.9989,0.0010999999999999899
64,1023,0.0016,0.9995,0.0004999999999999449
64,1024,0.0011,0.9997,0.00029999999999996696
64,1025,0.0015,0.9996,0.00039999999999995595
64,1026,0.0055,0.9983,0.0017000000000000348
64,1027,0.0084,0.9973,0.0027000000000000357
64,1028,0.0058,0.9982,0.0018000000000000238
64,1029,0.0057,0.9982,0.0018000000000000238
64,1030,0.0035,0.9989,0.0010999999999999899
64,1031,0.0016,0.9995,0.0004999999999999449
64,1032,0.0014,0.9996,0.00039999999999995595
64,1033,0.0012,0.9996,0.00039999999999995595
64,1034,0.001,0.9997,0.00029999999999996696
64,1035,0.005,0.9988,0.0011999999999999789
64,1036,0.0129,0.996,0.0040000000000000036
64,1037,0.0069,0.9977,0.0022999999999999687
64,1038,0.0036,0.999,0.0010000000000000009
64,1039,0.0018,0.9994,0.0006000000000000449
64,1040,0.0009,0.9998,0.00019999999999997797
64,1041,0.0004,0.9999,9.999999999998899e-05
64,1042,0.0005,0.9999,9.999999999998899e-05
64,1043,0.0065,0.9983,0.0017000000000000348
64,1044,0.0167,0.9949,0.005099999999999993
64,1045,0.0054,0.998,0.0020000000000000018
64,1046,0.0019,0.9994,0.0006000000000000449
64,1047,0.0018,0.9993,0.0007000000000000339
64,1048,0.0016,0.9995,0.0004999999999999449
64,1049,0.0027,0.9991,0.0009000000000000119
64,1050,0.0065,0.9982,0.0018000000000000238
64,1051,0.0063,0.9982,0.0018000000000000238
64,1052,0.0038,0.9988,0.0011999999999999789
64,1053,0.0026,0.9991,0.0009000000000000119
64,1054,0.0029,0.999,0.0010000000000000009
64,1055,0.0045,0.9986,0.0013999999999999568
64,1056,0.004,0.9986,0.0013999999999999568
64,1057,0.0052,0.9986,0.0013999999999999568
64,1058,0.003,0.9989,0.0010999999999999899
64,1059,0.0026,0.9992,0.0008000000000000229
64,1060,0.0031,0.999,0.0010000000000000009
64,1061,0.0061,0.9978,0.0021999999999999797
64,1062,0.0037,0.9989,0.0010999999999999899
64,1063,0.0035,0.9987,0.0012999999999999678
64,1064,0.0039,0.9987,0.0012999999999999678
64,1065,0.0042,0.9985,0.0014999999999999458
64,1066,0.0047,0.9986,0.0013999999999999568
64,1067,0.0017,0.9995,0.0004999999999999449
64,1068,0.0034,0.9988,0.0011999999999999789
64,1069,0.0067,0.998,0.0020000000000000018
64,1070,0.004,0.9987,0.0012999999999999678
64,1071,0.0036,0.9988,0.0011999999999999789
64,1072,0.0019,0.9994,0.0006000000000000449
64,1073,0.0019,0.9993,0.0007000000000000339
64,1074,0.0024,0.9992,0.0008000000000000229
64,1075,0.0048,0.9984,0.0016000000000000458
64,1076,0.0075,0.9978,0.0021999999999999797
64,1077,0.0033,0.9991,0.0009000000000000119
64,1078,0.0028,0.9991,0.0009000000000000119
64,1079,0.0019,0.9995,0.0004999999999999449
64,1080,0.0028,0.9994,0.0006000000000000449
64,1081,0.0047,0.9986,0.0013999999999999568
64,1082,0.0047,0.9984,0.0016000000000000458
64,1083,0.0053,0.9982,0.0018000000000000238
64,1084,0.0065,0.998,0.0020000000000000018
64,1085,0.0049,0.9985,0.0014999999999999458
64,1086,0.0026,0.9991,0.0009000000000000119
64,1087,0.0026,0.9991,0.0009000000000000119
64,1088,0.0028,0.999,0.0010000000000000009
64,1089,0.0048,0.9986,0.0013999999999999568
64,1090,0.0046,0.9986,0.0013999999999999568
64,1091,0.0039,0.9988,0.0011999999999999789
64,1092,0.0047,0.9985,0.0014999999999999458
64,1093,0.0032,0.9989,0.0010999999999999899
64,1094,0.0038,0.9986,0.0013999999999999568
64,1095,0.0039,0.9986,0.0013999999999999568
64,1096,0.0038,0.9988,0.0011999999999999789
64,1097,0.0038,0.9988,0.0011999999999999789
64,1098,0.0031,0.9992,0.0008000000000000229
64,1099,0.0023,0.9992,0.0008000000000000229
64,1100,0.0024,0.9993,0.0007000000000000339
64,1101,0.0049,0.9984,0.0016000000000000458
64,1102,0.0076,0.9978,0.0021999999999999797
64,1103,0.0052,0.9988,0.0011999999999999789
64,1104,0.0024,0.9994,0.0006000000000000449
64,1105,0.0018,0.9994,0.0006000000000000449
64,1106,0.0044,0.9987,0.0012999999999999678
64,1107,0.0048,0.9984,0.0016000000000000458
64,1108,0.0048,0.9983,0.0017000000000000348
64,1109,0.0031,0.9989,0.0010999999999999899
64,1110,0.0014,0.9995,0.0004999999999999449
64,1111,0.0012,0.9997,0.00029999999999996696
64,1112,0.0039,0.9987,0.0012999999999999678
64,1113,0.0061,0.9981,0.0019000000000000128
64,1114,0.0055,0.9984,0.0016000000000000458
64,1115,0.0049,0.9984,0.0016000000000000458
64,1116,0.0034,0.9989,0.0010999999999999899
64,1117,0.0016,0.9994,0.0006000000000000449
64,1118,0.0022,0.9994,0.0006000000000000449
64,1119,0.0028,0.9991,0.0009000000000000119
64,1120,0.0055,0.9984,0.0016000000000000458
64,1121,0.0051,0.998,0.0020000000000000018
64,1122,0.0043,0.9985,0.0014999999999999458
64,1123,0.0037,0.9988,0.0011999999999999789
64,1124,0.003,0.9989,0.0010999999999999899
64,1125,0.0036,0.999,0.0010000000000000009
64,1126,0.0036,0.9989,0.0010999999999999899
64,1127,0.0021,0.9994,0.0006000000000000449
64,1128,0.0046,0.9985,0.0014999999999999458
64,1129,0.0051,0.9988,0.0011999999999999789
64,1130,0.003,0.9991,0.0009000000000000119
64,1131,0.0037,0.9988,0.0011999999999999789
64,1132,0.0037,0.9986,0.0013999999999999568
64,1133,0.0061,0.998,0.0020000000000000018
64,1134,0.0039,0.999,0.0010000000000000009
64,1135,0.0028,0.9991,0.0009000000000000119
64,1136,0.0027,0.9992,0.0008000000000000229
64,1137,0.0026,0.9992,0.0008000000000000229
64,1138,0.0036,0.9989,0.0010999999999999899
64,1139,0.0065,0.9979,0.0020999999999999908
64,1140,0.0064,0.9982,0.0018000000000000238
64,1141,0.0039,0.999,0.0010000000000000009
64,1142,0.0025,0.9995,0.0004999999999999449
64,1143,0.003,0.999,0.0010000000000000009
64,1144,0.0028,0.9993,0.0007000000000000339
64,1145,0.005,0.9987,0.0012999999999999678
64,1146,0.0025,0.9992,0.0008000000000000229
64,1147,0.0022,0.9993,0.0007000000000000339
64,1148,0.0023,0.9992,0.0008000000000000229
64,1149,0.0041,0.9989,0.0010999999999999899
64,1150,0.0035,0.9989,0.0010999999999999899
64,1151,0.0032,0.9988,0.0011999999999999789
64,1152,0.0044,0.9988,0.0011999999999999789
64,1153,0.0029,0.9988,0.0011999999999999789
64,1154,0.0027,0.9992,0.0008000000000000229
64,1155,0.0033,0.9989,0.0010999999999999899
64,1156,0.0031,0.9991,0.0009000000000000119
64,1157,0.0023,0.9993,0.0007000000000000339
64,1158,0.003,0.9993,0.0007000000000000339
64,1159,0.0054,0.9983,0.0017000000000000348
64,1160,0.0061,0.9981,0.0019000000000000128
64,1161,0.0036,0.9989,0.0010999999999999899
64,1162,0.0021,0.9993,0.0007000000000000339
64,1163,0.0016,0.9995,0.0004999999999999449
64,1164,0.0013,0.9996,0.00039999999999995595
64,1165,0.0034,0.9987,0.0012999999999999678
64,1166,0.0092,0.9972,0.0028000000000000247
64,1167,0.0053,0.9981,0.0019000000000000128
64,1168,0.0034,0.999,0.0010000000000000009
64,1169,0.0026,0.9993,0.0007000000000000339
64,1170,0.0033,0.9989,0.0010999999999999899
64,1171,0.0021,0.9993,0.0007000000000000339
64,1172,0.0015,0.9996,0.00039999999999995595
64,1173,0.0033,0.9993,0.0007000000000000339
64,1174,0.0065,0.9979,0.0020999999999999908
64,1175,0.005,0.9984,0.0016000000000000458
64,1176,0.0023,0.9992,0.0008000000000000229
64,1177,0.0018,0.9995,0.0004999999999999449
64,1178,0.0027,0.9994,0.0006000000000000449
64,1179,0.0054,0.998,0.0020000000000000018
64,1180,0.0064,0.9976,0.0023999999999999577
64,1181,0.0048,0.9987,0.0012999999999999678
64,1182,0.0025,0.9993,0.0007000000000000339
64,1183,0.0015,0.9995,0.0004999999999999449
64,1184,0.0019,0.9994,0.0006000000000000449
64,1185,0.0027,0.9991,0.0009000000000000119
64,1186,0.0039,0.9986,0.0013999999999999568
64,1187,0.0046,0.9985,0.0014999999999999458
64,1188,0.0046,0.9985,0.0014999999999999458
64,1189,0.0038,0.9987,0.0012999999999999678
64,1190,0.0026,0.9992,0.0008000000000000229
64,1191,0.0024,0.9992,0.0008000000000000229
64,1192,0.0031,0.9989,0.0010999999999999899
64,1193,0.0025,0.9994,0.0006000000000000449
64,1194,0.0029,0.999,0.0010000000000000009
64,1195,0.0039,0.9987,0.0012999999999999678
64,1196,0.0077,0.9976,0.0023999999999999577
64,1197,0.0046,0.9985,0.0014999999999999458
64,1198,0.0026,0.9993,0.0007000000000000339
64,1199,0.0016,0.9996,0.00039999999999995595
64,1200,0.0008,0.9997,0.00029999999999996696
64,1201,0.0014,0.9997,0.00029999999999996696
64,1202,0.0032,0.9991,0.0009000000000000119
64,1203,0.0125,0.9962,0.0038000000000000256
64,1204,0.0065,0.9979,0.0020999999999999908
64,1205,0.0025,0.9994,0.0006000000000000449
64,1206,0.0025,0.9992,0.0008000000000000229
64,1207,0.002,0.9993,0.0007000000000000339
64,1208,0.0032,0.9989,0.0010999999999999899
64,1209,0.0045,0.9987,0.0012999999999999678
64,1210,0.0042,0.9988,0.0011999999999999789
64,1211,0.0047,0.9983,0.0017000000000000348
64,1212,0.002,0.9993,0.0007000000000000339
64,1213,0.0018,0.9995,0.0004999999999999449
64,1214,0.0024,0.9993,0.0007000000000000339
64,1215,0.0029,0.9991,0.0009000000000000119
64,1216,0.0038,0.9987,0.0012999999999999678
64,1217,0.0039,0.9988,0.0011999999999999789
64,1218,0.0044,0.9985,0.0014999999999999458
64,1219,0.0025,0.9992,0.0008000000000000229
64,1220,0.0028,0.9992,0.0008000000000000229
64,1221,0.0016,0.9995,0.0004999999999999449
64,1222,0.0022,0.9992,0.0008000000000000229
64,1223,0.0047,0.9986,0.0013999999999999568
64,1224,0.0053,0.9982,0.0018000000000000238
64,1225,0.0051,0.9981,0.0019000000000000128
64,1226,0.0019,0.9995,0.0004999999999999449
64,1227,0.0008,0.9998,0.00019999999999997797
64,1228,0.0007,0.9998,0.00019999999999997797
64,1229,0.0022,0.9992,0.0008000000000000229
64,1230,0.0068,0.9977,0.0022999999999999687
64,1231,0.0087,0.9974,0.0026000000000000467
64,1232,0.0032,0.9991,0.0009000000000000119
64,1233,0.0013,0.9996,0.00039999999999995595
64,1234,0.0007,0.9998,0.00019999999999997797
64,1235,0.0006,0.9998,0.00019999999999997797
64,1236,0.0029,0.999,0.0010000000000000009
64,1237,0.0094,0.9972,0.0028000000000000247
64,1238,0.0055,0.9982,0.0018000000000000238
64,1239,0.0017,0.9995,0.0004999999999999449
64,1240,0.0008,0.9998,0.00019999999999997797
64,1241,0.0006,0.9998,0.00019999999999997797
64,1242,0.0034,0.999,0.0010000000000000009
64,1243,0.0098,0.997,0.0030000000000000027
64,1244,0.0048,0.9987,0.0012999999999999678
64,1245,0.002,0.9993,0.0007000000000000339
64,1246,0.0017,0.9995,0.0004999999999999449
64,1247,0.0012,0.9998,0.00019999999999997797
64,1248,0.001,0.9997,0.00029999999999996696
64,1249,0.0016,0.9995,0.0004999999999999449
64,1250,0.0029,0.9991,0.0009000000000000119
64,1251,0.008,0.9973,0.0027000000000000357
64,1252,0.0054,0.998,0.0020000000000000018
64,1253,0.0029,0.999,0.0010000000000000009
64,1254,0.0017,0.9995,0.0004999999999999449
64,1255,0.0013,0.9997,0.00029999999999996696
64,1256,0.0016,0.9996,0.00039999999999995595
64,1257,0.0032,0.999,0.0010000000000000009
64,1258,0.0046,0.9987,0.0012999999999999678
64,1259,0.0049,0.9984,0.0016000000000000458
64,1260,0.0029,0.9992,0.0008000000000000229
64,1261,0.0032,0.9993,0.0007000000000000339
64,1262,0.0042,0.9985,0.0014999999999999458
64,1263,0.0027,0.9992,0.0008000000000000229
64,1264,0.0031,0.9989,0.0010999999999999899
64,1265,0.0039,0.9987,0.0012999999999999678
64,1266,0.005,0.9987,0.0012999999999999678
64,1267,0.0041,0.9989,0.0010999999999999899
64,1268,0.0026,0.9991,0.0009000000000000119
64,1269,0.0023,0.9992,0.0008000000000000229
64,1270,0.0019,0.9995,0.0004999999999999449
64,1271,0.0025,0.9993,0.0007000000000000339
64,1272,0.0079,0.9977,0.0022999999999999687
64,1273,0.0046,0.9986,0.0013999999999999568
64,1274,0.0039,0.9988,0.0011999999999999789
64,1275,0.0019,0.9994,0.0006000000000000449
64,1276,0.0013,0.9995,0.0004999999999999449
64,1277,0.0009,0.9997,0.00029999999999996696
64,1278,0.0014,0.9995,0.0004999999999999449
64,1279,0.0024,0.9993,0.0007000000000000339
64,1280,0.0056,0.9984,0.0016000000000000458
64,1281,0.0075,0.9977,0.0022999999999999687
64,1282,0.0037,0.9989,0.0010999999999999899
64,1283,0.0032,0.9989,0.0010999999999999899
64,1284,0.0033,0.9989,0.0010999999999999899
64,1285,0.0031,0.9989,0.0010999999999999899
64,1286,0.0018,0.9995,0.0004999999999999449
64,1287,0.0017,0.9993,0.0007000000000000339
64,1288,0.0013,0.9996,0.00039999999999995595
64,1289,0.0033,0.999,0.0010000000000000009
64,1290,0.0067,0.9978,0.0021999999999999797
64,1291,0.0064,0.998,0.0020000000000000018
64,1292,0.0027,0.9991,0.0009000000000000119
64,1293,0.0014,0.9995,0.0004999999999999449
64,1294,0.001,0.9996,0.00039999999999995595
64,1295,0.0023,0.9992,0.0008000000000000229
64,1296,0.0059,0.9984,0.0016000000000000458
64,1297,0.0047,0.9984,0.0016000000000000458
64,1298,0.0037,0.9988,0.0011999999999999789
64,1299,0.0026,0.9992,0.0008000000000000229
64,1300,0.0026,0.9992,0.0008000000000000229
64,1301,0.0025,0.9992,0.0008000000000000229
64,1302,0.0035,0.9989,0.0010999999999999899
64,1303,0.0029,0.9993,0.0007000000000000339
64,1304,0.0016,0.9994,0.0006000000000000449
64,1305,0.0014,0.9995,0.0004999999999999449
64,1306,0.002,0.9994,0.0006000000000000449
64,1307,0.0053,0.9986,0.0013999999999999568
64,1308,0.0038,0.9987,0.0012999999999999678
64,1309,0.0035,0.9988,0.0011999999999999789
64,1310,0.0028,0.9992,0.0008000000000000229
64,1311,0.0038,0.9989,0.0010999999999999899
64,1312,0.0038,0.999,0.0010000000000000009
64,1313,0.0033,0.9989,0.0010999999999999899
64,1314,0.0025,0.9993,0.0007000000000000339
64,1315,0.0019,0.9994,0.0006000000000000449
64,1316,0.0048,0.9988,0.0011999999999999789
64,1317,0.0053,0.9984,0.0016000000000000458
64,1318,0.005,0.9987,0.0012999999999999678
64,1319,0.0034,0.9991,0.0009000000000000119
64,1320,0.0013,0.9996,0.00039999999999995595
64,1321,0.0009,0.9997,0.00029999999999996696
64,1322,0.003,0.9988,0.0011999999999999789
64,1323,0.0065,0.998,0.0020000000000000018
64,1324,0.0055,0.9982,0.0018000000000000238
64,1325,0.002,0.9994,0.0006000000000000449
64,1326,0.0007,0.9998,0.00019999999999997797
64,1327,0.0011,0.9996,0.00039999999999995595
64,1328,0.0015,0.9996,0.00039999999999995595
64,1329,0.0032,0.9992,0.0008000000000000229
64,1330,0.0077,0.9973,0.0027000000000000357
64,1331,0.0047,0.9985,0.0014999999999999458
64,1332,0.0034,0.9991,0.0009000000000000119
64,1333,0.0024,0.9994,0.0006000000000000449
64,1334,0.0017,0.9996,0.00039999999999995595
64,1335,0.0015,0.9996,0.00039999999999995595
64,1336,0.0024,0.9993,0.0007000000000000339
64,1337,0.0036,0.9989,0.0010999999999999899
64,1338,0.0046,0.9987,0.0012999999999999678
64,1339,0.0025,0.9991,0.0009000000000000119
64,1340,0.0016,0.9996,0.00039999999999995595
64,1341,0.0015,0.9995,0.0004999999999999449
64,1342,0.0016,0.9995,0.0004999999999999449
64,1343,0.0073,0.9977,0.0022999999999999687
64,1344,0.0088,0.9974,0.0026000000000000467
64,1345,0.0036,0.9989,0.0010999999999999899
64,1346,0.0012,0.9995,0.0004999999999999449
64,1347,0.0016,0.9995,0.0004999999999999449
64,1348,0.0023,0.9995,0.0004999999999999449
64,1349,0.0015,0.9995,0.0004999999999999449
64,1350,0.0035,0.9989,0.0010999999999999899
64,1351,0.006,0.998,0.0020000000000000018
64,1352,0.0059,0.998,0.0020000000000000018
64,1353,0.0018,0.9995,0.0004999999999999449
64,1354,0.0015,0.9996,0.00039999999999995595
64,1355,0.0016,0.9995,0.0004999999999999449
64,1356,0.0049,0.9987,0.0012999999999999678
64,1357,0.0026,0.9992,0.0008000000000000229
64,1358,0.0013,0.9996,0.00039999999999995595
64,1359,0.0036,0.9989,0.0010999999999999899
64,1360,0.0061,0.9986,0.0013999999999999568
64,1361,0.0018,0.9994,0.0006000000000000449
64,1362,0.0019,0.9995,0.0004999999999999449
64,1363,0.005,0.9985,0.0014999999999999458
64,1364,0.0038,0.9992,0.0008000000000000229
64,1365,0.0019,0.9994,0.0006000000000000449
64,1366,0.0035,0.9991,0.0009000000000000119
64,1367,0.0027,0.9992,0.0008000000000000229
64,1368,0.0023,0.9993,0.0007000000000000339
64,1369,0.0048,0.9986,0.0013999999999999568
64,1370,0.0047,0.9986,0.0013999999999999568
64,1371,0.0024,0.9993,0.0007000000000000339
64,1372,0.0032,0.9994,0.0006000000000000449
64,1373,0.0008,0.9998,0.00019999999999997797
64,1374,0.0007,0.9998,0.00019999999999997797
64,1375,0.0008,0.9998,0.00019999999999997797
64,1376,0.0082,0.9977,0.0022999999999999687
64,1377,0.0061,0.9982,0.0018000000000000238
64,1378,0.003,0.999,0.0010000000000000009
64,1379,0.0027,0.9992,0.0008000000000000229
64,1380,0.0029,0.9991,0.0009000000000000119
64,1381,0.0023,0.9993,0.0007000000000000339
64,1382,0.0018,0.9994,0.0006000000000000449
64,1383,0.0041,0.9988,0.0011999999999999789
64,1384,0.0024,0.9992,0.0008000000000000229
64,1385,0.0024,0.9991,0.0009000000000000119
64,1386,0.0019,0.9996,0.00039999999999995595
64,1387,0.0029,0.999,0.0010000000000000009
64,1388,0.0031,0.999,0.0010000000000000009
64,1389,0.0032,0.9993,0.0007000000000000339
64,1390,0.0035,0.9992,0.0008000000000000229
64,1391,0.0023,0.9994,0.0006000000000000449
64,1392,0.0025,0.9993,0.0007000000000000339
64,1393,0.0029,0.999,0.0010000000000000009
64,1394,0.0039,0.9989,0.0010999999999999899
64,1395,0.0028,0.9992,0.0008000000000000229
64,1396,0.0027,0.9992,0.0008000000000000229
64,1397,0.0027,0.9994,0.0006000000000000449
64,1398,0.0019,0.9994,0.0006000000000000449
64,1399,0.004,0.9989,0.0010999999999999899
64,1400,0.0057,0.9984,0.0016000000000000458
64,1401,0.0032,0.9991,0.0009000000000000119
64,1402,0.0013,0.9996,0.00039999999999995595
64,1403,0.0025,0.9992,0.0008000000000000229
64,1404,0.0051,0.9983,0.0017000000000000348
64,1405,0.0038,0.9986,0.0013999999999999568
64,1406,0.0028,0.9992,0.0008000000000000229
64,1407,0.001,0.9997,0.00029999999999996696
64,1408,0.0021,0.9996,0.00039999999999995595
64,1409,0.0012,0.9996,0.00039999999999995595
64,1410,0.0055,0.9985,0.0014999999999999458
64,1411,0.0048,0.9985,0.0014999999999999458
64,1412,0.0044,0.9987,0.0012999999999999678
64,1413,0.0031,0.999,0.0010000000000000009
64,1414,0.0023,0.9992,0.0008000000000000229
64,1415,0.0018,0.9994,0.0006000000000000449
64,1416,0.0025,0.9992,0.0008000000000000229
64,1417,0.0017,0.9994,0.0006000000000000449
64,1418,0.0023,0.9993,0.0007000000000000339
64,1419,0.0035,0.9988,0.0011999999999999789
64,1420,0.0041,0.9986,0.0013999999999999568
64,1421,0.0025,0.9991,0.0009000000000000119
64,1422,0.0037,0.9987,0.0012999999999999678
64,1423,0.0037,0.999,0.0010000000000000009
64,1424,0.0017,0.9994,0.0006000000000000449
64,1425,0.0011,0.9997,0.00029999999999996696
64,1426,0.0024,0.9994,0.0006000000000000449
64,1427,0.0041,0.9986,0.0013999999999999568
64,1428,0.003,0.9991,0.0009000000000000119
64,1429,0.0025,0.9991,0.0009000000000000119
64,1430,0.0038,0.999,0.0010000000000000009
64,1431,0.0039,0.9988,0.0011999999999999789
64,1432,0.0044,0.9988,0.0011999999999999789
64,1433,0.0018,0.9994,0.0006000000000000449
64,1434,0.0009,0.9997,0.00029999999999996696
64,1435,0.0025,0.9993,0.0007000000000000339
64,1436,0.0045,0.9985,0.0014999999999999458
64,1437,0.0032,0.999,0.0010000000000000009
64,1438,0.0039,0.9989,0.0010999999999999899
64,1439,0.0025,0.9991,0.0009000000000000119
64,1440,0.0031,0.999,0.0010000000000000009
64,1441,0.0017,0.9994,0.0006000000000000449
64,1442,0.0032,0.9992,0.0008000000000000229
64,1443,0.0016,0.9994,0.0006000000000000449
64,1444,0.0025,0.9992,0.0008000000000000229
64,1445,0.0034,0.9988,0.0011999999999999789
64,1446,0.0036,0.9988,0.0011999999999999789
64,1447,0.0028,0.9992,0.0008000000000000229
64,1448,0.0024,0.9993,0.0007000000000000339
64,1449,0.0022,0.9992,0.0008000000000000229
64,1450,0.0025,0.9995,0.0004999999999999449
64,1451,0.0023,0.9992,0.0008000000000000229
64,1452,0.0062,0.9983,0.0017000000000000348
64,1453,0.0046,0.9985,0.0014999999999999458
64,1454,0.0021,0.9994,0.0006000000000000449
64,1455,0.0014,0.9995,0.0004999999999999449
64,1456,0.0012,0.9996,0.00039999999999995595
64,1457,0.0015,0.9995,0.0004999999999999449
64,1458,0.0049,0.9986,0.0013999999999999568
64,1459,0.0049,0.9983,0.0017000000000000348
64,1460,0.0029,0.9992,0.0008000000000000229
64,1461,0.0016,0.9994,0.0006000000000000449
64,1462,0.0015,0.9995,0.0004999999999999449
64,1463,0.0025,0.9994,0.0006000000000000449
64,1464,0.0064,0.998,0.0020000000000000018
64,1465,0.0032,0.999,0.0010000000000000009
64,1466,0.0034,0.9991,0.0009000000000000119
64,1467,0.0021,0.9994,0.0006000000000000449
64,1468,0.0012,0.9996,0.00039999999999995595
64,1469,0.001,0.9997,0.00029999999999996696
64,1470,0.0019,0.9994,0.0006000000000000449
64,1471,0.0063,0.9978,0.0021999999999999797
64,1472,0.0045,0.9985,0.0014999999999999458
64,1473,0.0028,0.9991,0.0009000000000000119
64,1474,0.0014,0.9996,0.00039999999999995595
64,1475,0.001,0.9998,0.00019999999999997797
64,1476,0.0017,0.9995,0.0004999999999999449
64,1477,0.001,0.9997,0.00029999999999996696
64,1478,0.0032,0.999,0.0010000000000000009
64,1479,0.0032,0.9992,0.0008000000000000229
64,1480,0.0036,0.9987,0.0012999999999999678
64,1481,0.0047,0.9983,0.0017000000000000348
64,1482,0.0016,0.9995,0.0004999999999999449
64,1483,0.0015,0.9995,0.0004999999999999449
64,1484,0.0008,0.9998,0.00019999999999997797
64,1485,0.0048,0.9988,0.0011999999999999789
64,1486,0.0051,0.9984,0.0016000000000000458
64,1487,0.0045,0.9985,0.0014999999999999458
64,1488,0.0027,0.9992,0.0008000000000000229
64,1489,0.0017,0.9994,0.0006000000000000449
64,1490,0.0026,0.9991,0.0009000000000000119
64,1491,0.0023,0.9992,0.0008000000000000229
64,1492,0.0027,0.9992,0.0008000000000000229
64,1493,0.0015,0.9996,0.00039999999999995595
64,1494,0.0019,0.9995,0.0004999999999999449
64,1495,0.0026,0.9994,0.0006000000000000449
64,1496,0.0052,0.9983,0.0017000000000000348
64,1497,0.0032,0.9988,0.0011999999999999789
64,1498,0.0016,0.9994,0.0006000000000000449
64,1499,0.0016,0.9994,0.0006000000000000449
64,1500,0.0028,0.9991,0.0009000000000000119
64,1501,0.0022,0.9994,0.0006000000000000449
64,1502,0.0057,0.9983,0.0017000000000000348
64,1503,0.0048,0.9987,0.0012999999999999678
64,1504,0.0012,0.9996,0.00039999999999995595
64,1505,0.0013,0.9996,0.00039999999999995595
64,1506,0.0015,0.9996,0.00039999999999995595
64,1507,0.0011,0.9997,0.00029999999999996696
64,1508,0.0043,0.9989,0.0010999999999999899
64,1509,0.0052,0.9984,0.0016000000000000458
64,1510,0.0049,0.9984,0.0016000000000000458
64,1511,0.0023,0.9993,0.0007000000000000339
64,1512,0.0027,0.9992,0.0008000000000000229
64,1513,0.0021,0.9994,0.0006000000000000449
64,1514,0.0017,0.9994,0.0006000000000000449
64,1515,0.0039,0.9989,0.0010999999999999899
64,1516,0.0026,0.9992,0.0008000000000000229
64,1517,0.0016,0.9995,0.0004999999999999449
64,1518,0.0016,0.9995,0.0004999999999999449
64,1519,0.0026,0.9991,0.0009000000000000119
64,1520,0.0046,0.9986,0.0013999999999999568
64,1521,0.0049,0.9986,0.0013999999999999568
64,1522,0.0027,0.9992,0.0008000000000000229
64,1523,0.002,0.9994,0.0006000000000000449
64,1524,0.0017,0.9994,0.0006000000000000449
64,1525,0.0027,0.9992,0.0008000000000000229
64,1526,0.0031,0.999,0.0010000000000000009
64,1527,0.0034,0.9992,0.0008000000000000229
64,1528,0.0024,0.9994,0.0006000000000000449
64,1529,0.0027,0.9993,0.0007000000000000339
64,1530,0.0018,0.9994,0.0006000000000000449
64,1531,0.0018,0.9995,0.0004999999999999449
64,1532,0.0016,0.9995,0.0004999999999999449
64,1533,0.0021,0.9993,0.0007000000000000339
64,1534,0.0054,0.9985,0.0014999999999999458
64,1535,0.0046,0.9985,0.0014999999999999458
64,1536,0.0022,0.9993,0.0007000000000000339
64,1537,0.0015,0.9994,0.0006000000000000449
64,1538,0.0007,0.9998,0.00019999999999997797
64,1539,0.0027,0.9994,0.0006000000000000449
64,1540,0.0033,0.9989,0.0010999999999999899
64,1541,0.0037,0.9989,0.0010999999999999899
64,1542,0.0028,0.9991,0.0009000000000000119
64,1543,0.0037,0.9989,0.0010999999999999899
64,1544,0.0036,0.999,0.0010000000000000009
64,1545,0.0019,0.9993,0.0007000000000000339
64,1546,0.0029,0.9992,0.0008000000000000229
64,1547,0.0018,0.9994,0.0006000000000000449
64,1548,0.002,0.9995,0.0004999999999999449
64,1549,0.0019,0.9994,0.0006000000000000449
64,1550,0.0016,0.9995,0.0004999999999999449
64,1551,0.0016,0.9995,0.0004999999999999449
64,1552,0.0036,0.9987,0.0012999999999999678
64,1553,0.0059,0.9983,0.0017000000000000348
64,1554,0.0023,0.9991,0.0009000000000000119
64,1555,0.0017,0.9994,0.0006000000000000449
64,1556,0.0015,0.9997,0.00029999999999996696
64,1557,0.0015,0.9996,0.00039999999999995595
64,1558,0.0026,0.9992,0.0008000000000000229
64,1559,0.0036,0.9988,0.0011999999999999789
64,1560,0.005,0.9984,0.0016000000000000458
64,1561,0.0033,0.999,0.0010000000000000009
64,1562,0.0015,0.9994,0.0006000000000000449
64,1563,0.003,0.9993,0.0007000000000000339
64,1564,0.0024,0.9994,0.0006000000000000449
64,1565,0.0011,0.9997,0.00029999999999996696
64,1566,0.0016,0.9995,0.0004999999999999449
64,1567,0.0016,0.9997,0.00029999999999996696
64,1568,0.0044,0.9985,0.0014999999999999458
64,1569,0.0051,0.9985,0.0014999999999999458
64,1570,0.0034,0.999,0.0010000000000000009
64,1571,0.0039,0.999,0.0010000000000000009
64,1572,0.0014,0.9995,0.0004999999999999449
64,1573,0.0007,0.9997,0.00029999999999996696
64,1574,0.0017,0.9995,0.0004999999999999449
64,1575,0.0035,0.9989,0.0010999999999999899
64,1576,0.0045,0.9986,0.0013999999999999568
64,1577,0.0042,0.9988,0.0011999999999999789
64,1578,0.0026,0.9991,0.0009000000000000119
64,1579,0.0016,0.9996,0.00039999999999995595
64,1580,0.0018,0.9995,0.0004999999999999449
64,1581,0.0033,0.9992,0.0008000000000000229
64,1582,0.0025,0.999,0.0010000000000000009
64,1583,0.0017,0.9994,0.0006000000000000449
64,1584,0.0013,0.9996,0.00039999999999995595
64,1585,0.0038,0.9991,0.0009000000000000119
64,1586,0.0022,0.9993,0.0007000000000000339
64,1587,0.0025,0.9992,0.0008000000000000229
64,1588,0.003,0.999,0.0010000000000000009
64,1589,0.0033,0.9989,0.0010999999999999899
64,1590,0.0029,0.9991,0.0009000000000000119
64,1591,0.0014,0.9996,0.00039999999999995595
64,1592,0.0007,0.9998,0.00019999999999997797
64,1593,0.0017,0.9995,0.0004999999999999449
64,1594,0.0046,0.9989,0.0010999999999999899
64,1595,0.0064,0.998,0.0020000000000000018
64,1596,0.0047,0.9986,0.0013999999999999568
64,1597,0.003,0.999,0.0010000000000000009
64,1598,0.0008,0.9998,0.00019999999999997797
64,1599,0.0006,0.9998,0.00019999999999997797
64,1600,0.0003,0.9999,9.999999999998899e-05
64,1601,0.0021,0.9996,0.00039999999999995595
64,1602,0.0029,0.9991,0.0009000000000000119
64,1603,0.0042,0.9987,0.0012999999999999678
64,1604,0.0038,0.9987,0.0012999999999999678
64,1605,0.0016,0.9995,0.0004999999999999449
64,1606,0.0017,0.9995,0.0004999999999999449
64,1607,0.0028,0.9991,0.0009000000000000119
64,1608,0.0037,0.9988,0.0011999999999999789
64,1609,0.0028,0.9991,0.0009000000000000119
64,1610,0.003,0.9989,0.0010999999999999899
64,1611,0.0027,0.9993,0.0007000000000000339
64,1612,0.0021,0.9993,0.0007000000000000339
64,1613,0.0018,0.9994,0.0006000000000000449
64,1614,0.0024,0.9994,0.0006000000000000449
64,1615,0.002,0.9994,0.0006000000000000449
64,1616,0.0017,0.9994,0.0006000000000000449
64,1617,0.003,0.9993,0.0007000000000000339
64,1618,0.0026,0.9991,0.0009000000000000119
64,1619,0.0024,0.9993,0.0007000000000000339
64,1620,0.0038,0.999,0.0010000000000000009
64,1621,0.0036,0.999,0.0010000000000000009
64,1622,0.0022,0.9994,0.0006000000000000449
64,1623,0.0018,0.9995,0.0004999999999999449
64,1624,0.0039,0.9989,0.0010999999999999899
64,1625,0.0036,0.9989,0.0010999999999999899
64,1626,0.0018,0.9994,0.0006000000000000449
64,1627,0.0022,0.9992,0.0008000000000000229
64,1628,0.0021,0.9994,0.0006000000000000449
64,1629,0.0014,0.9995,0.0004999999999999449
64,1630,0.0023,0.9995,0.0004999999999999449
64,1631,0.0017,0.9994,0.0006000000000000449
64,1632,0.0013,0.9995,0.0004999999999999449
64,1633,0.0009,0.9997,0.00029999999999996696
64,1634,0.0031,0.999,0.0010000000000000009
64,1635,0.0053,0.9982,0.0018000000000000238
64,1636,0.0035,0.9989,0.0010999999999999899
64,1637,0.0028,0.9991,0.0009000000000000119
64,1638,0.0014,0.9996,0.00039999999999995595
64,1639,0.0007,0.9999,9.999999999998899e-05
64,1640,0.0004,0.9999,9.999999999998899e-05
64,1641,0.0007,0.9998,0.00019999999999997797
64,1642,0.005,0.9986,0.0013999999999999568
64,1643,0.0056,0.998,0.0020000000000000018
64,1644,0.0036,0.9989,0.0010999999999999899
64,1645,0.0026,0.9993,0.0007000000000000339
64,1646,0.0017,0.9996,0.00039999999999995595
64,1647,0.0016,0.9995,0.0004999999999999449
64,1648,0.0013,0.9995,0.0004999999999999449
64,1649,0.0022,0.9994,0.0006000000000000449
64,1650,0.0018,0.9994,0.0006000000000000449
64,1651,0.0024,0.9994,0.0006000000000000449
64,1652,0.0045,0.9991,0.0009000000000000119
64,1653,0.0024,0.9993,0.0007000000000000339
64,1654,0.0018,0.9993,0.0007000000000000339
64,1655,0.0017,0.9994,0.0006000000000000449
64,1656,0.0032,0.9991,0.0009000000000000119
64,1657,0.0037,0.9986,0.0013999999999999568
64,1658,0.0024,0.9992,0.0008000000000000229
64,1659,0.002,0.9994,0.0006000000000000449
64,1660,0.0024,0.9992,0.0008000000000000229
64,1661,0.002,0.9995,0.0004999999999999449
64,1662,0.0018,0.9996,0.00039999999999995595
64,1663,0.003,0.9991,0.0009000000000000119
64,1664,0.0039,0.9986,0.0013999999999999568
64,1665,0.0034,0.999,0.0010000000000000009
64,1666,0.0019,0.9993,0.0007000000000000339
64,1667,0.0025,0.9993,0.0007000000000000339
64,1668,0.0026,0.9992,0.0008000000000000229
64,1669,0.0019,0.9992,0.0008000000000000229
64,1670,0.0019,0.9994,0.0006000000000000449
64,1671,0.0022,0.9993,0.0007000000000000339
64,1672,0.0027,0.9992,0.0008000000000000229
64,1673,0.0025,0.9992,0.0008000000000000229
64,1674,0.0022,0.9995,0.0004999999999999449
64,1675,0.0021,0.9992,0.0008000000000000229
64,1676,0.0022,0.9994,0.0006000000000000449
64,1677,0.0033,0.9988,0.0011999999999999789
64,1678,0.0024,0.9992,0.0008000000000000229
64,1679,0.0025,0.9993,0.0007000000000000339
64,1680,0.0018,0.9996,0.00039999999999995595
64,1681,0.0017,0.9994,0.0006000000000000449
64,1682,0.0011,0.9997,0.00029999999999996696
64,1683,0.0009,0.9997,0.00029999999999996696
64,1684,0.0045,0.9988,0.0011999999999999789
64,1685,0.0047,0.9986,0.0013999999999999568
64,1686,0.0039,0.9987,0.0012999999999999678
64,1687,0.0015,0.9995,0.0004999999999999449
64,1688,0.0016,0.9995,0.0004999999999999449
64,1689,0.002,0.9994,0.0006000000000000449
64,1690,0.0024,0.9994,0.0006000000000000449
64,1691,0.0034,0.9991,0.0009000000000000119
64,1692,0.0021,0.9994,0.0006000000000000449
64,1693,0.0029,0.9991,0.0009000000000000119
64,1694,0.0044,0.9988,0.0011999999999999789
64,1695,0.0032,0.9988,0.0011999999999999789
64,1696,0.0016,0.9995,0.0004999999999999449
64,1697,0.0008,0.9998,0.00019999999999997797
64,1698,0.0006,0.9999,9.999999999998899e-05
64,1699,0.0007,0.9998,0.00019999999999997797
64,1700,0.0005,0.9999,9.999999999998899e-05
64,1701,0.0049,0.9982,0.0018000000000000238
64,1702,0.0071,0.9977,0.0022999999999999687
64,1703,0.0025,0.9991,0.0009000000000000119
64,1704,0.0022,0.9995,0.0004999999999999449
64,1705,0.0015,0.9996,0.00039999999999995595
64,1706,0.0016,0.9996,0.00039999999999995595
64,1707,0.0008,0.9998,0.00019999999999997797
64,1708,0.0007,0.9998,0.00019999999999997797
64,1709,0.0019,0.9995,0.0004999999999999449
64,1710,0.0052,0.9983,0.0017000000000000348
64,1711,0.0048,0.9985,0.0014999999999999458
64,1712,0.0026,0.9992,0.0008000000000000229
64,1713,0.0011,0.9996,0.00039999999999995595
64,1714,0.001,0.9997,0.00029999999999996696
64,1715,0.0021,0.9993,0.0007000000000000339
64,1716,0.0039,0.999,0.0010000000000000009
64,1717,0.0023,0.9992,0.0008000000000000229
64,1718,0.0024,0.9992,0.0008000000000000229
64,1719,0.0031,0.9995,0.0004999999999999449
64,1720,0.0042,0.9989,0.0010999999999999899
64,1721,0.003,0.9992,0.0008000000000000229
64,1722,0.0016,0.9994,0.0006000000000000449
64,1723,0.0012,0.9996,0.00039999999999995595
64,1724,0.0014,0.9996,0.00039999999999995595
64,1725,0.0024,0.9994,0.0006000000000000449
64,1726,0.0025,0.9991,0.0009000000000000119
64,1727,0.0042,0.9987,0.0012999999999999678
64,1728,0.0012,0.9996,0.00039999999999995595
64,1729,0.0014,0.9997,0.00029999999999996696
64,1730,0.0011,0.9996,0.00039999999999995595
64,1731,0.0013,0.9996,0.00039999999999995595
64,1732,0.0017,0.9994,0.0006000000000000449
64,1733,0.0034,0.999,0.0010000000000000009
64,1734,0.0022,0.9993,0.0007000000000000339
64,1735,0.0043,0.9986,0.0013999999999999568
64,1736,0.0048,0.9986,0.0013999999999999568
64,1737,0.0026,0.9992,0.0008000000000000229
64,1738,0.001,0.9996,0.00039999999999995595
64,1739,0.0012,0.9996,0.00039999999999995595
64,1740,0.0012,0.9996,0.00039999999999995595
64,1741,0.0011,0.9998,0.00019999999999997797
64,1742,0.0024,0.9993,0.0007000000000000339
64,1743,0.0026,0.9992,0.0008000000000000229
64,1744,0.0037,0.9992,0.0008000000000000229
64,1745,0.0038,0.9986,0.0013999999999999568
64,1746,0.0038,0.9989,0.0010999999999999899
64,1747,0.0035,0.9991,0.0009000000000000119
64,1748,0.0028,0.9991,0.0009000000000000119
64,1749,0.0017,0.9993,0.0007000000000000339
64,1750,0.0014,0.9996,0.00039999999999995595
64,1751,0.001,0.9997,0.00029999999999996696
64,1752,0.0013,0.9996,0.00039999999999995595
64,1753,0.0017,0.9993,0.0007000000000000339
64,1754,0.0018,0.9994,0.0006000000000000449
64,1755,0.0027,0.9992,0.0008000000000000229
64,1756,0.0044,0.9989,0.0010999999999999899
64,1757,0.0041,0.9988,0.0011999999999999789
64,1758,0.0021,0.9993,0.0007000000000000339
64,1759,0.0012,0.9996,0.00039999999999995595
64,1760,0.0022,0.9993,0.0007000000000000339
64,1761,0.0015,0.9996,0.00039999999999995595
64,1762,0.0006,0.9999,9.999999999998899e-05
64,1763,0.0008,0.9997,0.00029999999999996696
64,1764,0.0023,0.9991,0.0009000000000000119
64,1765,0.0061,0.9986,0.0013999999999999568
64,1766,0.0022,0.9993,0.0007000000000000339
64,1767,0.0022,0.9994,0.0006000000000000449
64,1768,0.0025,0.9992,0.0008000000000000229
64,1769,0.0018,0.9995,0.0004999999999999449
64,1770,0.0014,0.9995,0.0004999999999999449
64,1771,0.0028,0.9993,0.0007000000000000339
64,1772,0.0035,0.999,0.0010000000000000009
64,1773,0.0026,0.9991,0.0009000000000000119
64,1774,0.0019,0.9993,0.0007000000000000339
64,1775,0.0021,0.9995,0.0004999999999999449
64,1776,0.002,0.9995,0.0004999999999999449
64,1777,0.0023,0.9992,0.0008000000000000229
64,1778,0.0029,0.9991,0.0009000000000000119
64,1779,0.0032,0.9991,0.0009000000000000119
64,1780,0.0019,0.9994,0.0006000000000000449
64,1781,0.001,0.9998,0.00019999999999997797
64,1782,0.001,0.9997,0.00029999999999996696
64,1783,0.0006,0.9999,9.999999999998899e-05
64,1784,0.0016,0.9997,0.00029999999999996696
64,1785,0.0053,0.9987,0.0012999999999999678
64,1786,0.0045,0.9984,0.0016000000000000458
64,1787,0.0022,0.9994,0.0006000000000000449
64,1788,0.0019,0.9994,0.0006000000000000449
64,1789,0.0014,0.9996,0.00039999999999995595
64,1790,0.0006,0.9999,9.999999999998899e-05
64,1791,0.0017,0.9996,0.00039999999999995595
64,1792,0.0029,0.9991,0.0009000000000000119
64,1793,0.0029,0.9991,0.0009000000000000119
64,1794,0.0033,0.9987,0.0012999999999999678
64,1795,0.0046,0.9987,0.0012999999999999678
64,1796,0.0026,0.9992,0.0008000000000000229
64,1797,0.0015,0.9996,0.00039999999999995595
64,1798,0.0016,0.9994,0.0006000000000000449
64,1799,0.0007,0.9998,0.00019999999999997797
64,1800,0.0016,0.9996,0.00039999999999995595
64,1801,0.0033,0.9994,0.0006000000000000449
64,1802,0.0057,0.9983,0.0017000000000000348
64,1803,0.0026,0.9991,0.0009000000000000119
64,1804,0.0029,0.999,0.0010000000000000009
64,1805,0.001,0.9997,0.00029999999999996696
64,1806,0.0003,1.0,0.0
64,1807,0.0001,1.0,0.0
64,1808,0.0001,1.0,0.0
64,1809,0.0001,1.0,0.0
64,1810,0.0086,0.9973,0.0027000000000000357
64,1811,0.0086,0.9975,0.0024999999999999467
64,1812,0.0029,0.999,0.0010000000000000009
64,1813,0.0012,0.9997,0.00029999999999996696
64,1814,0.0007,0.9998,0.00019999999999997797
64,1815,0.0013,0.9997,0.00029999999999996696
64,1816,0.0009,0.9997,0.00029999999999996696
64,1817,0.0019,0.9994,0.0006000000000000449
64,1818,0.0016,0.9994,0.0006000000000000449
64,1819,0.0019,0.9994,0.0006000000000000449
64,1820,0.0027,0.9992,0.0008000000000000229
64,1821,0.0031,0.9991,0.0009000000000000119
64,1822,0.0024,0.9993,0.0007000000000000339
64,1823,0.003,0.9993,0.0007000000000000339
64,1824,0.0015,0.9996,0.00039999999999995595
64,1825,0.0033,0.999,0.0010000000000000009
64,1826,0.0033,0.999,0.0010000000000000009
64,1827,0.0026,0.9991,0.0009000000000000119
64,1828,0.0018,0.9995,0.0004999999999999449
64,1829,0.0013,0.9995,0.0004999999999999449
64,1830,0.0009,0.9997,0.00029999999999996696
64,1831,0.0023,0.9993,0.0007000000000000339
64,1832,0.0052,0.9984,0.0016000000000000458
64,1833,0.0036,0.9989,0.0010999999999999899
64,1834,0.0012,0.9996,0.00039999999999995595
64,1835,0.0005,0.9999,9.999999999998899e-05
64,1836,0.0006,0.9998,0.00019999999999997797
64,1837,0.0011,0.9997,0.00029999999999996696
64,1838,0.0005,0.9998,0.00019999999999997797
64,1839,0.0031,0.999,0.0010000000000000009
64,1840,0.0067,0.9979,0.0020999999999999908
64,1841,0.0033,0.9991,0.0009000000000000119
64,1842,0.0019,0.9993,0.0007000000000000339
64,1843,0.001,0.9997,0.00029999999999996696
64,1844,0.001,0.9996,0.00039999999999995595
64,1845,0.0028,0.9992,0.0008000000000000229
64,1846,0.0037,0.9988,0.0011999999999999789
64,1847,0.0026,0.9991,0.0009000000000000119
64,1848,0.0036,0.9988,0.0011999999999999789
64,1849,0.0017,0.9996,0.00039999999999995595
64,1850,0.001,0.9997,0.00029999999999996696
64,1851,0.001,0.9997,0.00029999999999996696
64,1852,0.0018,0.9994,0.0006000000000000449
64,1853,0.004,0.9986,0.0013999999999999568
64,1854,0.0031,0.9988,0.0011999999999999789
64,1855,0.0024,0.9994,0.0006000000000000449
64,1856,0.0027,0.9992,0.0008000000000000229
64,1857,0.0022,0.9993,0.0007000000000000339
64,1858,0.0021,0.9994,0.0006000000000000449
64,1859,0.0013,0.9996,0.00039999999999995595
64,1860,0.0019,0.9995,0.0004999999999999449
64,1861,0.0013,0.9996,0.00039999999999995595
64,1862,0.0023,0.9994,0.0006000000000000449
64,1863,0.0014,0.9995,0.0004999999999999449
64,1864,0.0042,0.999,0.0010000000000000009
64,1865,0.0034,0.9988,0.0011999999999999789
64,1866,0.002,0.9991,0.0009000000000000119
64,1867,0.0021,0.9995,0.0004999999999999449
64,1868,0.0016,0.9998,0.00019999999999997797
64,1869,0.0023,0.9993,0.0007000000000000339
64,1870,0.0018,0.9994,0.0006000000000000449
64,1871,0.0023,0.9994,0.0006000000000000449
64,1872,0.0025,0.9992,0.0008000000000000229
64,1873,0.0017,0.9996,0.00039999999999995595
64,1874,0.0023,0.9992,0.0008000000000000229
64,1875,0.0026,0.9993,0.0007000000000000339
64,1876,0.0017,0.9994,0.0006000000000000449
64,1877,0.0023,0.9995,0.0004999999999999449
64,1878,0.0009,0.9997,0.00029999999999996696
64,1879,0.0023,0.9994,0.0006000000000000449
64,1880,0.002,0.9995,0.0004999999999999449
64,1881,0.0017,0.9994,0.0006000000000000449
64,1882,0.0036,0.9988,0.0011999999999999789
64,1883,0.0041,0.9987,0.0012999999999999678
64,1884,0.0018,0.9995,0.0004999999999999449
64,1885,0.0008,0.9997,0.00029999999999996696
64,1886,0.0009,0.9997,0.00029999999999996696
64,1887,0.001,0.9997,0.00029999999999996696
64,1888,0.001,0.9997,0.00029999999999996696
64,1889,0.0007,0.9999,9.999999999998899e-05
64,1890,0.0012,0.9996,0.00039999999999995595
64,1891,0.0085,0.9974,0.0026000000000000467
64,1892,0.0062,0.9981,0.0019000000000000128
64,1893,0.0026,0.9993,0.0007000000000000339
64,1894,0.0015,0.9995,0.0004999999999999449
64,1895,0.0014,0.9997,0.00029999999999996696
64,1896,0.0008,0.9998,0.00019999999999997797
64,1897,0.0007,0.9998,0.00019999999999997797
64,1898,0.0005,0.9999,9.999999999998899e-05
64,1899,0.0002,1.0,0.0
64,1900,0.0023,0.9993,0.0007000000000000339
64,1901,0.0044,0.9986,0.0013999999999999568
64,1902,0.0053,0.9986,0.0013999999999999568
64,1903,0.004,0.9989,0.0010999999999999899
64,1904,0.0015,0.9994,0.0006000000000000449
64,1905,0.0013,0.9996,0.00039999999999995595
64,1906,0.0024,0.9993,0.0007000000000000339
64,1907,0.0017,0.9993,0.0007000000000000339
64,1908,0.0016,0.9994,0.0006000000000000449
64,1909,0.0023,0.9992,0.0008000000000000229
64,1910,0.0018,0.9994,0.0006000000000000449
64,1911,0.0014,0.9996,0.00039999999999995595
64,1912,0.0005,0.9999,9.999999999998899e-05
64,1913,0.0004,0.9999,9.999999999998899e-05
64,1914,0.0005,0.9998,0.00019999999999997797
64,1915,0.0043,0.9988,0.0011999999999999789
64,1916,0.0041,0.9985,0.0014999999999999458
64,1917,0.0028,0.9991,0.0009000000000000119
64,1918,0.0016,0.9996,0.00039999999999995595
64,1919,0.0017,0.9994,0.0006000000000000449
64,1920,0.0023,0.9994,0.0006000000000000449
64,1921,0.0011,0.9997,0.00029999999999996696
64,1922,0.0015,0.9995,0.0004999999999999449
64,1923,0.0011,0.9998,0.00019999999999997797
64,1924,0.0012,0.9996,0.00039999999999995595
64,1925,0.0043,0.9986,0.0013999999999999568
64,1926,0.0043,0.9987,0.0012999999999999678
64,1927,0.0033,0.9991,0.0009000000000000119
64,1928,0.0016,0.9995,0.0004999999999999449
64,1929,0.0006,0.9999,9.999999999998899e-05
64,1930,0.0005,0.9998,0.00019999999999997797
64,1931,0.0013,0.9996,0.00039999999999995595
64,1932,0.0018,0.9996,0.00039999999999995595
64,1933,0.0029,0.999,0.0010000000000000009
64,1934,0.004,0.9989,0.0010999999999999899
64,1935,0.0045,0.9989,0.0010999999999999899
64,1936,0.0024,0.9993,0.0007000000000000339
64,1937,0.0016,0.9995,0.0004999999999999449
64,1938,0.0006,0.9999,9.999999999998899e-05
64,1939,0.0005,0.9999,9.999999999998899e-05
64,1940,0.0005,0.9998,0.00019999999999997797
64,1941,0.003,0.9992,0.0008000000000000229
64,1942,0.0056,0.9982,0.0018000000000000238
64,1943,0.0032,0.9993,0.0007000000000000339
64,1944,0.001,0.9997,0.00029999999999996696
64,1945,0.0013,0.9995,0.0004999999999999449
64,1946,0.0012,0.9995,0.0004999999999999449
64,1947,0.0034,0.9988,0.0011999999999999789
64,1948,0.0028,0.9992,0.0008000000000000229
64,1949,0.0018,0.9994,0.0006000000000000449
64,1950,0.0011,0.9998,0.00019999999999997797
64,1951,0.0028,0.9996,0.00039999999999995595
64,1952,0.0015,0.9995,0.0004999999999999449
64,1953,0.0012,0.9996,0.00039999999999995595
64,1954,0.0018,0.9994,0.0006000000000000449
64,1955,0.0047,0.9986,0.0013999999999999568
64,1956,0.0033,0.9989,0.0010999999999999899
64,1957,0.0012,0.9996,0.00039999999999995595
64,1958,0.0014,0.9995,0.0004999999999999449
64,1959,0.001,0.9997,0.00029999999999996696
64,1960,0.0015,0.9996,0.00039999999999995595
64,1961,0.0025,0.9991,0.0009000000000000119
64,1962,0.0024,0.9994,0.0006000000000000449
64,1963,0.0021,0.9993,0.0007000000000000339
64,1964,0.0021,0.9993,0.0007000000000000339
64,1965,0.0029,0.9991,0.0009000000000000119
64,1966,0.0015,0.9994,0.0006000000000000449
64,1967,0.0024,0.9993,0.0007000000000000339
64,1968,0.0016,0.9995,0.0004999999999999449
64,1969,0.0015,0.9995,0.0004999999999999449
64,1970,0.0019,0.9994,0.0006000000000000449
64,1971,0.0014,0.9996,0.00039999999999995595
64,1972,0.0017,0.9995,0.0004999999999999449
64,1973,0.0013,0.9996,0.00039999999999995595
64,1974,0.0026,0.9992,0.0008000000000000229
64,1975,0.0024,0.9993,0.0007000000000000339
64,1976,0.0025,0.9992,0.0008000000000000229
64,1977,0.0016,0.9994,0.0006000000000000449
64,1978,0.0012,0.9996,0.00039999999999995595
64,1979,0.0021,0.9992,0.0008000000000000229
64,1980,0.0021,0.9994,0.0006000000000000449
64,1981,0.0024,0.9992,0.0008000000000000229
64,1982,0.0021,0.9992,0.0008000000000000229
64,1983,0.0024,0.9993,0.0007000000000000339
64,1984,0.0022,0.9994,0.0006000000000000449
64,1985,0.0026,0.9991,0.0009000000000000119
64,1986,0.0023,0.9992,0.0008000000000000229
64,1987,0.0021,0.9993,0.0007000000000000339
64,1988,0.0029,0.999,0.0010000000000000009
64,1989,0.0019,0.9993,0.0007000000000000339
64,1990,0.0009,0.9997,0.00029999999999996696
64,1991,0.0017,0.9997,0.00029999999999996696
64,1992,0.0017,0.9994,0.0006000000000000449
64,1993,0.0018,0.9993,0.0007000000000000339
64,1994,0.0033,0.9989,0.0010999999999999899
64,1995,0.0031,0.9989,0.0010999999999999899
64,1996,0.0018,0.9994,0.0006000000000000449
64,1997,0.0012,0.9996,0.00039999999999995595
64,1998,0.002,0.9993,0.0007000000000000339
64,1999,0.0019,0.9994,0.0006000000000000449
64,2000,0.0009,0.9997,0.00029999999999996696
