batch_size,units,epoch,train_loss,train_accuracy
32,1,1000,1.7416116151809693,0.33925
32,2,1000,1.2922448315620423,0.58475
32,3,1000,1.2659618587493897,0.6045
32,4,1000,0.9088601217269897,0.76175
32,5,1000,0.6815827596187591,0.8175
32,6,1000,0.2640677490234375,0.93075
32,7,1000,0.16005965216457843,0.952
32,8,1000,0.06494501677155495,0.97925
32,9,1000,0.1386070279851556,0.96425
32,10,1000,0.06623546412587165,0.97425
32,11,1000,0.017964746927842497,0.99675
32,12,1000,0.015607998492196202,0.99625
32,13,1000,0.0011450632563792169,1.0
32,14,1000,0.000882801620173268,1.0
32,15,1000,0.0010318808463634923,1.0
32,16,1000,0.0006798294557956979,1.0
32,17,1000,0.00019381882023299113,1.0
32,18,1000,0.00043442525470163674,1.0
32,19,1000,0.0002755231499177171,1.0
32,20,1000,6.835584199870937e-05,1.0
32,21,1000,0.00013661331024195534,1.0
32,22,1000,0.00013105567936145236,1.0
32,23,1000,3.7653220566426174e-05,1.0
32,24,1000,6.434165711834793e-05,1.0
32,25,1000,6.307364699750906e-05,1.0
32,26,1000,3.1928330532537074e-05,1.0
32,27,1000,0.004357837995472437,0.9985
32,28,1000,1.622333166505996e-05,1.0
32,29,1000,3.604484150855569e-05,1.0
32,30,1000,1.408201682716026e-05,1.0
32,31,1000,3.460599956451915e-05,1.0
32,32,1000,8.211499173739868e-06,1.0
32,33,1000,1.7751509516529042e-05,1.0
32,34,1000,6.602464268326002e-05,1.0
32,35,1000,1.0771387237582531e-05,1.0
32,36,1000,1.0033958806161537e-05,1.0
32,37,1000,8.866148173183319e-06,1.0
32,38,1000,3.694391427006849e-05,1.0
32,39,1000,1.9544829740880233e-05,1.0
32,40,1000,1.4373492264439846e-05,1.0
32,41,1000,9.795413999017911e-05,1.0
32,42,1000,6.564300024183466e-05,1.0
32,43,1000,2.1764393528428628e-05,1.0
32,44,1000,7.72733642293133e-06,1.0
32,45,1000,1.838509684921519e-05,1.0
32,46,1000,4.2442013473191764e-05,1.0
32,47,1000,3.5717363246021706e-06,1.0
32,48,1000,1.0194784465056728e-05,1.0
32,49,1000,1.7365318076372204e-06,1.0
32,50,1000,0.41593886394705626,0.93625
64,1,1000,1.7675467199749417,0.28975
64,2,1000,1.3269838037944974,0.57375
64,3,1000,0.9240066541565789,0.7575
64,4,1000,0.6919325027200911,0.833
64,5,1000,0.750016260714758,0.79925
64,6,1000,0.3951191478778446,0.9045
64,7,1000,0.20284070334737264,0.94825
64,8,1000,0.10702289188546794,0.97575
64,9,1000,0.03663600384006425,0.99225
64,10,1000,0.06975907001585241,0.982
64,11,1000,0.09052020116221338,0.978
64,12,1000,0.05954482098154369,0.98075
64,13,1000,0.004216907355594375,0.99975
64,14,1000,0.0011162655529684373,1.0
64,15,1000,0.0008197731970410262,1.0
64,16,1000,0.0005637376783101538,1.0
64,17,1000,0.0004474201608294,1.0
64,18,1000,0.0008538082285436787,1.0
64,19,1000,0.0002757871979921465,1.0
64,20,1000,0.0004669322112772895,1.0
64,21,1000,0.0004221699269865418,1.0
64,22,1000,0.00011034230105689771,1.0
64,23,1000,0.00024100265970143178,1.0
64,24,1000,0.00019646192473980287,1.0
64,25,1000,0.0001859979289754789,1.0
64,26,1000,0.00015484498876575675,1.0
64,27,1000,6.358277950932952e-05,1.0
64,28,1000,0.1895910064128065,0.96475
64,29,1000,0.00014494440597084734,1.0
64,30,1000,0.0001092864757892029,1.0
64,31,1000,8.728859228583696e-05,1.0
64,32,1000,9.341186284025694e-05,1.0
64,33,1000,6.291965771182847e-05,1.0
64,34,1000,0.00012533620507123748,1.0
64,35,1000,6.658973059471925e-05,1.0
64,36,1000,2.239111590969269e-05,1.0
64,37,1000,4.7278583975091195e-05,1.0
64,38,1000,5.017543587619291e-05,1.0
64,39,1000,0.00010224772475859416,1.0
64,40,1000,3.656763504887561e-05,1.0
64,41,1000,6.62112786177738e-05,1.0
64,42,1000,3.604162942330789e-05,1.0
64,43,1000,3.6551354422420174e-05,1.0
64,44,1000,8.49055261405449e-06,1.0
64,45,1000,0.00010411477801209825,1.0
64,46,1000,1.5369762069086493e-05,1.0
64,47,1000,1.4706077583093522e-05,1.0
64,48,1000,4.522364486633922e-05,1.0
64,49,1000,3.335870824519098e-05,1.0
64,50,1000,1.1830713833299501e-05,1.0
128,1,1000,1.7320770733058453,0.34825
128,2,1000,1.332809790968895,0.59875
128,3,1000,0.9244571849703789,0.7535
128,4,1000,0.7739632502198219,0.80125
128,5,1000,0.5530722672119737,0.85975
128,6,1000,0.7657488938421011,0.76875
128,7,1000,0.5317156407982111,0.8705
128,8,1000,0.22919509559869766,0.94725
128,9,1000,0.17881934833712876,0.95675
128,10,1000,0.12767387041822076,0.97175
128,11,1000,0.0059977179480483755,1.0
128,12,1000,0.004615754907717928,1.0
128,13,1000,0.002646817152708536,1.0
128,14,1000,0.002067920308036264,1.0
128,15,1000,0.001646534588871873,1.0
128,16,1000,0.000887610629433766,1.0
128,17,1000,0.0009481267061346443,1.0
128,18,1000,0.0008070662197496858,1.0
128,19,1000,0.000508728881868592,1.0
128,20,1000,0.00039370148715534015,1.0
128,21,1000,0.0003203205701538536,1.0
128,22,1000,0.0002412838653071958,1.0
128,23,1000,0.00018956361327582272,1.0
128,24,1000,9.116593059843581e-05,1.0
128,25,1000,0.0027115943485114258,1.0
128,26,1000,4.922408737684236e-05,1.0
128,27,1000,8.604051936345058e-05,1.0
128,28,1000,0.0001308265216266591,1.0
128,29,1000,9.394578273713705e-05,1.0
128,30,1000,0.000209933601126977,1.0
128,31,1000,4.259420347807463e-05,1.0
128,32,1000,9.213586054102052e-05,1.0
128,33,1000,7.63305058626429e-05,1.0
128,34,1000,6.285837912400893e-05,1.0
128,35,1000,6.76431276360745e-05,1.0
128,36,1000,3.392578713601324e-05,1.0
128,37,1000,0.00010033142893917102,1.0
128,38,1000,4.784575020266857e-05,1.0
128,39,1000,2.7964162711668905e-05,1.0
128,40,1000,3.359044944772904e-05,1.0
128,41,1000,2.135588891860607e-05,1.0
128,42,1000,3.4687377933551033e-05,1.0
128,43,1000,2.8671729012330616e-05,1.0
128,44,1000,2.8353720097129553e-05,1.0
128,45,1000,6.61050498251825e-05,1.0
128,46,1000,1.100403294174157e-05,1.0
128,47,1000,8.306171196181822e-06,1.0
128,48,1000,7.582164499808641e-06,1.0
128,49,1000,4.449912262316502e-05,1.0
128,50,1000,2.2469607870334585e-05,1.0
256,1,1000,2.3004583418369293,0.11225
256,2,1000,1.7963704094290733,0.3005
256,3,1000,1.093629114329815,0.7005
256,4,1000,0.7967244908213615,0.79175
256,5,1000,0.7726797498762608,0.80125
256,6,1000,0.468107545748353,0.87825
256,7,1000,0.3508504880592227,0.911
256,8,1000,0.3305706139653921,0.9135
256,9,1000,0.3567373901605606,0.90725
256,10,1000,0.061880867928266525,0.99125
256,11,1000,0.018786563421599567,0.99925
256,12,1000,0.010044758208096027,1.0
256,13,1000,0.011394911620300263,1.0
256,14,1000,0.003890706313541159,1.0
256,15,1000,0.002124971513694618,1.0
256,16,1000,0.0011204917936993297,1.0
256,17,1000,0.0015072579990373924,1.0
256,18,1000,0.0013364966980589088,1.0
256,19,1000,0.0011249683884670958,1.0
256,20,1000,0.0005379056710808072,1.0
256,21,1000,0.00040620655636303127,1.0
256,22,1000,6.934971383998345e-05,1.0
256,23,1000,0.00027104026139568305,1.0
256,24,1000,0.00040268039811053313,1.0
256,25,1000,0.00020577039140334819,1.0
256,26,1000,2.887859193378972e-05,1.0
256,27,1000,0.00021484322769538267,1.0
256,28,1000,0.00014128699012871948,1.0
256,29,1000,0.00011863112786159036,1.0
256,30,1000,1.80689774538223e-05,1.0
256,31,1000,0.00010048796002593008,1.0
256,32,1000,1.49374678244385e-05,1.0
256,33,1000,9.920882894220995e-05,1.0
256,34,1000,7.741432455077302e-05,1.0
256,35,1000,8.26590267024585e-05,1.0
256,36,1000,1.0475081694494293e-05,1.0
256,37,1000,1.1560978634861385e-05,1.0
256,38,1000,6.047478518667049e-05,1.0
256,39,1000,7.64611434078688e-06,1.0
256,40,1000,6.339001265587285e-05,1.0
256,41,1000,9.438795103733355e-06,1.0
256,42,1000,9.112887437368045e-05,1.0
256,43,1000,6.978879287089512e-05,1.0
256,44,1000,7.218146350851384e-06,1.0
256,45,1000,7.343770221268642e-06,1.0
256,46,1000,6.589668856804565e-06,1.0
256,47,1000,4.813089816479987e-06,1.0
256,48,1000,5.487532945380735e-06,1.0
256,49,1000,4.379906187068627e-06,1.0
256,50,1000,4.951709868805665e-06,1.0

"La ejecución ha durado 57 hora(s), 36 minuto(s) y 20 segundo(s)."
